225 
222 
185 
466 
463 
383 
520 
505 
517 
523 
520 
517 
435 
450 
419 
301 
316 
285 
175 
172 
159 
332 
329 
8 
11 
8 
329 
8 
5 
591 
453 
466 
392 
472 
469 
565 
347 
344 
308 
567 
565 
469 
289 
201 
216 
373 
371 
117 
594 
591 
5 
180 
178 
144 
581 
578 
559 
520 
535 
335 
532 
529 
588 
255 
252 
273 
5 
2 
575 
578 
575 
2 
255 
273 
270 
562 
578 
2 
565 
562 
2 
559 
557 
550 
341 
338 
287 
62 
59 
56 
50 
47 
44 
261 
258 
243 
225 
185 
198 
246 
243 
258 
523 
517 
515 
123 
120 
111 
526 
523 
515 
460 
457 
490 
289 
287 
338 
201 
289 
338 
201 
338 
335 
423 
472 
565 
114 
111 
120 
114 
120 
371 
101 
114 
371 
426 
565 
2 
429 
426 
2 
222 
219 
538 
56 
53 
50 
89 
86 
83 
407 
404 
604 
437 
435 
419 
437 
419 
416 
303 
285 
282 
581 
559 
550 
583 
581 
550 
583 
550 
547 
392 
383 
380 
392 
380 
377 
395 
392 
377 
520 
335 
350 
32 
29 
26 
303 
282 
279 
305 
303 
279 
305 
279 
276 
347 
308 
276 
347 
276 
273 
350 
347 
273 
520 
350 
273 
437 
416 
413 
439 
437 
413 
439 
413 
410 
442 
439 
410 
481 
410 
407 
484 
481 
407 
484 
407 
604 
469 
484 
604 
264 
243 
241 
267 
264 
241 
267 
241 
239 
398 
395 
377 
401 
398 
375 
401 
375 
373 
401 
373 
117 
386 
401 
117 
126 
111 
109 
129 
126 
109 
129 
109 
107 
529 
526 
515 
478 
475 
421 
478 
421 
433 
442 
478 
433 
442 
433 
431 
445 
442 
429 
445 
429 
2 
448 
445 
2 
448 
2 
98 
344 
341 
287 
344 
287 
299 
308 
344 
299 
308 
299 
297 
311 
308 
295 
228 
198 
196 
231 
228 
196 
234 
231 
196 
496 
493 
457 
496 
457 
455 
499 
496 
455 
499 
455 
453 
502 
499 
392 
502 
392 
389 
585 
583 
547 
585 
547 
544 
569 
585 
541 
182 
180 
144 
182 
144 
141 
182 
141 
138 
32 
26 
23 
83 
80 
74 
469 
604 
619 
567 
469 
619 
555 
619 
616 
555 
616 
613 
557 
555 
613 
557 
613 
610 
553 
550 
610 
553 
610 
607 
487 
553 
607 
487 
607 
604 
490 
487 
404 
490 
404 
419 
460 
490 
419 
463 
460 
419 
463 
450 
98 
463 
98 
95 
383 
463 
95 
371 
383 
95 
104 
101 
95 
505 
520 
252 
505 
252 
267 
505 
267 
239 
175 
159 
156 
207 
175 
156 
207 
156 
154 
210 
207 
154 
213 
210 
152 
216 
213 
152 
216 
152 
164 
289 
216 
164 
292 
289 
162 
553 
487 
502 
538 
553 
502 
538 
502 
389 
201 
335 
535 
204 
201 
535 
89 
83 
74 
92 
89 
74 
95 
92 
71 
32 
23 
17 
32 
17 
14 
35 
32 
14 
538 
386 
117 
222 
538 
117 
222 
117 
132 
222 
132 
129 
185 
129 
107 
185 
107 
104 
188 
185 
104 
188 
104 
95 
529 
513 
511 
588 
529 
511 
588 
511 
508 
591 
588 
508 
62 
56 
44 
5 
575 
572 
594 
5 
572 
594 
572 
569 
597 
569 
541 
597 
541 
538 
634 
631 
628 
365 
362 
359 
95 
71 
68 
62 
44 
41 
8 
591 
508 
95 
68 
65 
535 
532 
588 
194 
191 
95 
11 
329 
326 
353 
11 
326 
356 
326 
323 
359 
356 
323 
359 
323 
321 
365 
359 
321 
8 
508 
505 
8 
505 
237 
314 
311 
295 
219 
234 
194 
314 
295 
292 
162 
159 
172 
8 
237 
249 
332 
8 
249 
319 
249 
246 
365 
319 
246 
368 
365 
246 
368 
246 
258 
368 
255 
270 
353 
368 
270 
11 
353 
270 
11 
270 
316 
41 
11 
314 
41 
314 
292 
62 
41 
292 
62 
292 
162 
65 
162 
172 
95 
65 
172 
95 
172 
169 
622 
95 
169 
622 
138 
135 
625 
622 
135 
625 
135 
150 
147 
178 
175 
150 
147 
204 
625 
150 
204 
625 
204 
535 
625 
535 
588 
628 
588 
601 
634 
628 
601 
634 
601 
599 
637 
634 
599 
637 
597 
538 
622 
637 
538 
622 
538 
219 
95 
622 
219 
1 
4 
643 
1 
643 
640 
3 
7 
646 
3 
646 
642 
6 
649 
645 
9 
13 
652 
9 
652 
648 
12 
16 
655 
15 
19 
658 
15 
658 
654 
18 
22 
661 
18 
661 
657 
21 
664 
660 
24 
28 
667 
24 
667 
663 
27 
31 
670 
30 
34 
673 
30 
673 
669 
33 
37 
676 
33 
676 
672 
36 
679 
675 
39 
43 
682 
39 
682 
678 
42 
46 
685 
45 
49 
688 
45 
688 
684 
48 
52 
691 
48 
691 
687 
51 
694 
690 
54 
58 
697 
54 
697 
693 
57 
61 
700 
60 
64 
703 
60 
703 
699 
63 
67 
706 
63 
706 
702 
66 
709 
705 
69 
73 
712 
69 
712 
708 
72 
76 
715 
75 
79 
718 
75 
718 
714 
78 
82 
721 
78 
721 
717 
81 
724 
720 
84 
88 
727 
84 
727 
723 
87 
91 
730 
90 
94 
733 
90 
733 
729 
93 
97 
736 
93 
736 
732 
96 
639 
735 
100 
103 
742 
100 
742 
739 
102 
106 
745 
105 
108 
747 
105 
747 
744 
108 
110 
749 
108 
749 
747 
110 
752 
749 
112 
99 
738 
112 
738 
751 
116 
119 
758 
118 
122 
761 
118 
761 
757 
121 
125 
764 
121 
764 
760 
124 
767 
763 
127 
131 
770 
127 
770 
766 
130 
115 
754 
134 
137 
776 
134 
776 
773 
136 
140 
779 
136 
779 
775 
139 
782 
778 
142 
146 
785 
142 
785 
781 
145 
149 
788 
148 
133 
772 
148 
772 
787 
151 
153 
792 
151 
792 
790 
153 
794 
792 
155 
158 
797 
155 
797 
794 
157 
161 
800 
160 
163 
802 
160 
802 
799 
163 
151 
790 
163 
790 
802 
165 
807 
804 
167 
171 
810 
167 
810 
806 
170 
174 
813 
173 
177 
816 
173 
816 
812 
176 
179 
818 
176 
818 
815 
179 
820 
818 
181 
165 
804 
181 
804 
820 
184 
187 
826 
186 
190 
829 
186 
829 
825 
189 
193 
832 
189 
832 
828 
192 
834 
831 
195 
197 
836 
195 
836 
834 
197 
183 
822 
200 
203 
842 
200 
842 
839 
202 
206 
845 
202 
845 
841 
205 
848 
844 
208 
212 
851 
208 
851 
847 
211 
215 
854 
214 
199 
838 
214 
838 
853 
218 
221 
860 
218 
860 
857 
220 
863 
859 
223 
227 
866 
223 
866 
862 
226 
230 
869 
229 
233 
872 
229 
872 
868 
232 
217 
856 
232 
856 
871 
236 
877 
875 
238 
240 
879 
238 
879 
877 
240 
242 
881 
242 
245 
884 
242 
884 
881 
244 
248 
887 
244 
887 
883 
247 
874 
886 
251 
254 
893 
251 
893 
890 
253 
257 
896 
256 
260 
899 
256 
899 
895 
259 
263 
902 
259 
902 
898 
262 
905 
901 
265 
250 
889 
265 
889 
904 
269 
272 
911 
271 
275 
914 
271 
914 
910 
274 
278 
917 
274 
917 
913 
277 
920 
916 
280 
284 
923 
280 
923 
919 
283 
268 
907 
286 
288 
927 
286 
927 
925 
288 
291 
930 
288 
930 
927 
290 
933 
929 
293 
296 
935 
293 
935 
932 
296 
298 
937 
298 
286 
925 
298 
925 
937 
300 
302 
942 
300 
942 
940 
302 
944 
942 
304 
307 
947 
304 
947 
944 
306 
310 
950 
309 
313 
953 
309 
953 
949 
312 
315 
955 
312 
955 
952 
315 
939 
955 
318 
320 
960 
318 
960 
958 
320 
322 
962 
322 
325 
965 
322 
965 
962 
324 
328 
968 
324 
968 
964 
327 
971 
967 
330 
317 
957 
330 
957 
970 
334 
337 
977 
336 
340 
980 
336 
980 
976 
339 
343 
983 
339 
983 
979 
342 
986 
982 
345 
349 
989 
345 
989 
985 
348 
333 
973 
352 
355 
995 
352 
995 
992 
354 
358 
998 
354 
998 
994 
357 
1001 
997 
360 
364 
1004 
360 
1004 
1000 
363 
367 
1007 
366 
351 
991 
366 
991 
1006 
370 
372 
1012 
370 
1012 
1010 
372 
1014 
1012 
374 
376 
1016 
374 
1016 
1014 
376 
379 
1019 
378 
382 
1022 
378 
1022 
1018 
381 
369 
1009 
381 
1009 
1021 
385 
1028 
1025 
387 
391 
1031 
387 
1031 
1027 
390 
394 
1034 
393 
397 
1037 
393 
1037 
1033 
396 
400 
1040 
396 
1040 
1036 
399 
1024 
1039 
403 
406 
1046 
403 
1046 
1043 
405 
409 
1049 
408 
412 
1052 
408 
1052 
1048 
411 
415 
1055 
411 
1055 
1051 
414 
1058 
1054 
417 
402 
1042 
417 
1042 
1057 
420 
422 
1062 
422 
425 
1065 
422 
1065 
1062 
424 
428 
1068 
424 
1068 
1064 
427 
1070 
1067 
430 
432 
1072 
430 
1072 
1070 
432 
420 
1060 
434 
436 
1077 
434 
1077 
1075 
436 
438 
1079 
436 
1079 
1077 
438 
1082 
1079 
440 
444 
1085 
440 
1085 
1081 
443 
447 
1088 
446 
449 
1090 
446 
1090 
1087 
449 
434 
1074 
449 
1074 
1090 
452 
1095 
1093 
454 
456 
1097 
454 
1097 
1095 
456 
459 
1100 
458 
462 
1103 
458 
1103 
1099 
461 
465 
1106 
461 
1106 
1102 
464 
1092 
1105 
468 
471 
1112 
468 
1112 
1109 
470 
474 
1115 
473 
477 
1118 
473 
1118 
1114 
476 
480 
1121 
476 
1121 
1117 
479 
1124 
1120 
482 
467 
1108 
482 
1108 
1123 
486 
489 
1130 
488 
492 
1133 
488 
1133 
1129 
491 
495 
1136 
491 
1136 
1132 
494 
1139 
1135 
497 
501 
1142 
497 
1142 
1138 
500 
485 
1126 
504 
507 
1148 
504 
1148 
1145 
506 
510 
1151 
506 
1151 
1147 
509 
1153 
1150 
512 
514 
1155 
512 
1155 
1153 
514 
516 
1157 
516 
503 
1144 
516 
1144 
1157 
519 
522 
1163 
519 
1163 
1160 
521 
1166 
1162 
524 
528 
1169 
524 
1169 
1165 
527 
531 
1172 
530 
534 
1175 
530 
1175 
1171 
533 
518 
1159 
533 
1159 
1174 
537 
1181 
1178 
539 
543 
1184 
539 
1184 
1180 
542 
546 
1187 
545 
549 
1190 
545 
1190 
1186 
548 
552 
1193 
548 
1193 
1189 
551 
1177 
1192 
554 
556 
1197 
554 
1197 
1195 
556 
558 
1199 
558 
561 
1202 
558 
1202 
1199 
560 
564 
1205 
560 
1205 
1201 
563 
1207 
1204 
566 
554 
1195 
566 
1195 
1207 
568 
571 
1212 
570 
574 
1215 
570 
1215 
1211 
573 
577 
1218 
573 
1218 
1214 
576 
1221 
1217 
579 
582 
1223 
579 
1223 
1220 
582 
584 
1225 
584 
568 
1209 
584 
1209 
1225 
587 
590 
1231 
587 
1231 
1228 
589 
1234 
1230 
592 
596 
1237 
592 
1237 
1233 
595 
598 
1239 
598 
600 
1241 
598 
1241 
1239 
600 
586 
1227 
600 
1227 
1241 
603 
1247 
1244 
605 
609 
1250 
605 
1250 
1246 
608 
612 
1253 
611 
615 
1256 
611 
1256 
1252 
614 
618 
1259 
614 
1259 
1255 
617 
1243 
1258 
621 
624 
1265 
621 
1265 
1262 
623 
627 
1268 
626 
630 
1271 
626 
1271 
1267 
629 
633 
1274 
629 
1274 
1270 
632 
1277 
1273 
635 
620 
1261 
635 
1261 
1276 
821 
858 
861 
1156 
1143 
1158 
1156 
1158 
1161 
1056 
1089 
1073 
921 
906 
954 
795 
808 
811 
644 
966 
969 
966 
644 
647 
811 
840 
843 
1029 
1104 
1091 
1203 
1107 
1110 
945 
981 
984 
1080 
1116 
1119 
852 
837 
926 
753 
1008 
1011 
641 
1229 
1232 
1008 
753 
756 
1198 
1216 
1219 
972 
1173 
1158 
1226 
1167 
1170 
814 
780 
783 
1213 
638 
641 
638 
1213 
1216 
906 
909 
891 
1216 
1198 
1200 
638 
1200 
1203 
1188 
1196 
1198 
924 
975 
978 
1059 
1110 
1113 
680 
683 
686 
880 
894 
897 
835 
821 
861 
835 
861 
864 
1154 
1156 
1161 
748 
756 
759 
1154 
1161 
1164 
1096 
1128 
1131 
975 
924 
926 
975 
926 
837 
972 
975 
837 
1110 
1059 
1061 
756 
748 
750 
1008 
756 
750 
1008 
750 
737 
1203 
1061 
1063 
638 
1063 
1066 
1176 
855 
858 
686 
689 
692 
653 
656 
659 
1242 
1041 
1044 
1056 
1073 
1076 
1053 
1056 
1076 
921 
938 
941 
1188 
1198 
1219 
1188 
1219 
1222 
1185 
1188 
1222 
1020 
1104 
1029 
1015 
1017 
1029 
1015 
1029 
1032 
987 
972 
1158 
710 
713 
716 
915 
918 
941 
915 
941 
943 
912 
915 
943 
912 
943 
945 
909 
912 
984 
909 
984 
987 
909 
987 
1158 
888 
909 
1158 
1050 
1076 
1078 
1047 
1050 
1078 
1047 
1078 
1080 
1047 
1080 
1119 
1044 
1119 
1122 
1242 
1044 
1122 
1242 
1122 
1107 
880 
897 
900 
878 
900 
903 
876 
878 
903 
1015 
1032 
1035 
1013 
1015 
1035 
1011 
1013 
1038 
753 
1011 
1038 
753 
1038 
1023 
748 
759 
762 
746 
762 
765 
743 
746 
765 
1154 
1164 
1167 
1152 
1154 
1167 
1071 
1059 
1116 
1071 
1116 
1080 
1069 
1071 
1080 
1066 
1069 
1080 
638 
1066 
1083 
638 
1083 
1086 
734 
638 
1086 
734 
1086 
1089 
936 
924 
981 
936 
981 
945 
934 
936 
945 
931 
934 
945 
833 
835 
864 
833 
864 
867 
833 
867 
870 
830 
833 
870 
1094 
1096 
1134 
1094 
1134 
1137 
1091 
1094 
1137 
1029 
1091 
1137 
1026 
1029 
1140 
1185 
1222 
1224 
1182 
1185 
1224 
1179 
1182 
1224 
780 
817 
819 
777 
780 
819 
774 
777 
819 
774 
819 
803 
710 
716 
719 
1257 
1242 
1107 
1257 
1107 
1206 
1257 
1206 
1194 
1251 
1254 
1194 
1251 
1194 
1196 
1248 
1251 
1196 
1248 
1196 
1188 
1245 
1248 
1191 
1245 
1191 
1125 
1242 
1245 
1125 
1041 
1242 
1125 
1056 
1041 
1128 
1056 
1128 
1098 
1056 
1098 
1101 
1089 
1056 
1101 
731 
734 
1101 
731 
1101 
1020 
731 
1020 
1008 
731 
1008 
737 
888 
1158 
1143 
903 
888 
1143 
876 
903 
1143 
873 
876 
1143 
793 
811 
843 
791 
793 
843 
791 
843 
846 
789 
791 
846 
789 
849 
852 
801 
789 
852 
801 
852 
926 
798 
801 
926 
1140 
1125 
1191 
1140 
1191 
1176 
1026 
1140 
1176 
1023 
1026 
1176 
1173 
837 
840 
710 
719 
725 
710 
725 
728 
707 
710 
728 
653 
659 
668 
650 
653 
668 
650 
668 
671 
647 
650 
671 
753 
1176 
858 
768 
753 
858 
765 
768 
858 
765 
858 
821 
740 
743 
821 
740 
821 
824 
731 
740 
824 
731 
824 
827 
1149 
1167 
1226 
1146 
1149 
1226 
1146 
1226 
1229 
680 
686 
692 
1210 
1213 
641 
1210 
641 
1232 
1208 
1210 
1232 
1208 
1232 
1235 
1176 
1179 
1235 
1266 
1269 
1272 
996 
999 
1002 
647 
671 
674 
677 
680 
698 
1146 
1229 
644 
701 
704 
731 
647 
674 
677 
731 
827 
830 
963 
966 
647 
963 
647 
990 
963 
990 
993 
961 
993 
996 
959 
961 
996 
959 
996 
1002 
956 
959 
1002 
873 
1143 
644 
931 
948 
951 
830 
870 
855 
774 
803 
805 
808 
795 
798 
885 
873 
644 
885 
644 
969 
885 
969 
956 
882 
956 
1002 
882 
1002 
1005 
894 
882 
1005 
891 
894 
1005 
906 
1005 
990 
906 
990 
647 
954 
906 
647 
951 
954 
647 
928 
951 
677 
928 
677 
698 
798 
928 
698 
798 
698 
701 
808 
701 
731 
805 
808 
731 
805 
731 
1260 
774 
805 
1260 
771 
1260 
1263 
786 
771 
1263 
811 
814 
783 
840 
811 
783 
840 
786 
1263 
1173 
840 
1263 
1226 
1173 
1263 
1226 
1263 
1266 
1240 
1266 
1272 
1238 
1240 
1272 
1238 
1272 
1275 
1235 
1238 
1275 
1176 
1275 
1260 
855 
1176 
1260 
855 
1260 
731 
855 
731 
830 
1281 
1279 
1332 
1283 
1281 
1332 
1283 
1332 
1330 
1285 
1283 
1330 
1290 
1288 
1330 
1290 
1330 
1327 
1293 
1290 
1327 
1293 
1327 
1325 
1295 
1325 
1322 
1295 
1322 
1320 
1297 
1295 
1320 
1297 
1320 
1318 
1299 
1318 
1316 
1301 
1299 
1316 
1301 
1316 
1313 
1303 
1301 
1313 
1306 
1303 
1308 
1278 
1280 
1337 
1278 
1337 
1335 
1280 
1282 
1339 
1282 
1284 
1341 
1282 
1341 
1339 
1284 
1287 
1344 
1284 
1344 
1341 
1286 
1346 
1343 
1289 
1292 
1349 
1289 
1349 
1346 
1291 
1294 
1351 
1294 
1296 
1353 
1294 
1353 
1351 
1296 
1298 
1355 
1296 
1355 
1353 
1298 
1357 
1355 
1300 
1302 
1359 
1300 
1359 
1357 
1302 
1305 
1362 
1304 
1307 
1364 
1304 
1364 
1361 
1307 
1310 
1367 
1307 
1367 
1364 
1309 
1369 
1366 
1312 
1315 
1372 
1312 
1372 
1369 
1314 
1317 
1374 
1317 
1319 
1376 
1317 
1376 
1374 
1319 
1321 
1378 
1319 
1378 
1376 
1321 
1381 
1378 
1323 
1326 
1383 
1323 
1383 
1380 
1326 
1329 
1386 
1328 
1331 
1388 
1328 
1388 
1385 
1331 
1278 
1334 
1331 
1334 
1388 
1387 
1333 
1336 
1387 
1336 
1338 
1384 
1387 
1338 
1384 
1338 
1340 
1384 
1342 
1345 
1382 
1384 
1345 
1382 
1345 
1347 
1379 
1382 
1347 
1377 
1379 
1350 
1375 
1377 
1350 
1375 
1350 
1352 
1373 
1375 
1352 
1370 
1373 
1354 
1370 
1354 
1356 
1368 
1370 
1356 
1368 
1356 
1358 
1363 
1358 
1360 
1419 
1422 
1424 
1443 
1390 
1392 
1443 
1392 
1394 
1441 
1394 
1396 
1441 
1396 
1399 
1441 
1399 
1401 
1438 
1441 
1401 
1436 
1438 
1404 
1436 
1404 
1406 
1433 
1436 
1406 
1431 
1433 
1406 
1429 
1431 
1408 
1429 
1408 
1410 
1427 
1429 
1410 
1427 
1410 
1412 
1424 
1412 
1414 
1419 
1424 
1414 
1419 
1414 
1417 
1448 
1391 
1389 
1450 
1393 
1391 
1448 
1450 
1391 
1452 
1395 
1393 
1450 
1452 
1393 
1452 
1455 
1395 
1457 
1400 
1397 
1454 
1457 
1397 
1460 
1403 
1400 
1462 
1405 
1402 
1459 
1462 
1402 
1464 
1407 
1405 
1462 
1464 
1405 
1464 
1466 
1407 
1468 
1411 
1409 
1466 
1468 
1409 
1470 
1413 
1411 
1473 
1416 
1413 
1470 
1473 
1413 
1475 
1418 
1415 
1472 
1475 
1415 
1475 
1478 
1418 
1480 
1423 
1420 
1477 
1480 
1420 
1483 
1426 
1423 
1485 
1428 
1425 
1482 
1485 
1425 
1487 
1430 
1428 
1485 
1487 
1428 
1487 
1489 
1430 
1492 
1435 
1432 
1489 
1492 
1432 
1494 
1437 
1434 
1497 
1440 
1437 
1494 
1497 
1437 
1499 
1442 
1439 
1496 
1499 
1439 
1499 
1445 
1442 
1479 
1476 
1474 
1447 
1444 
1498 
1449 
1447 
1498 
1451 
1449 
1495 
1453 
1451 
1495 
1456 
1453 
1495 
1456 
1495 
1493 
1458 
1493 
1490 
1461 
1458 
1490 
1461 
1490 
1488 
1461 
1488 
1486 
1463 
1486 
1484 
1465 
1463 
1484 
1465 
1484 
1481 
1467 
1465 
1481 
1469 
1467 
1479 
1469 
1479 
1474 
1471 
1469 
1474 
1502 
1511 
1508 
1501 
1504 
1515 
1501 
1515 
1513 
1503 
1507 
1517 
1503 
1517 
1514 
1506 
1519 
1516 
1509 
1500 
1512 
1509 
1512 
1518 
1513 
1515 
1523 
1514 
1517 
1525 
1514 
1525 
1522 
1516 
1519 
1527 
1516 
1527 
1524 
1518 
1520 
1526 
1521 
1523 
1531 
1521 
1531 
1529 
1522 
1525 
1533 
1524 
1527 
1535 
1524 
1535 
1532 
1526 
1520 
1528 
1526 
1528 
1534 
1529 
1539 
1537 
1530 
1533 
1541 
1530 
1541 
1538 
1532 
1535 
1543 
1534 
1528 
1536 
1534 
1536 
1542 
1537 
1539 
1549 
1537 
1549 
1546 
1538 
1552 
1548 
1540 
1543 
1555 
1540 
1555 
1551 
1542 
1536 
1545 
1550 
1553 
1544 
1550 
1544 
1547 
1558 
1564 
1561 
1558 
1567 
1564 
1557 
1560 
1573 
1559 
1576 
1572 
1559 
1563 
1576 
1562 
1579 
1575 
1565 
1569 
1578 
1565 
1556 
1569 
1568 
1574 
1577 
1568 
1571 
1574 
1585 
1582 
1588 
1581 
1584 
1595 
1581 
1595 
1593 
1583 
1587 
1597 
1586 
1590 
1599 
1586 
1599 
1596 
1589 
1580 
1592 
1589 
1592 
1598 
1593 
1603 
1601 
1594 
1597 
1605 
1594 
1605 
1602 
1596 
1599 
1607 
1598 
1592 
1600 
1598 
1600 
1606 
1601 
1603 
1611 
1601 
1611 
1609 
1602 
1613 
1610 
1604 
1607 
1615 
1604 
1615 
1612 
1606 
1600 
1608 
1609 
1611 
1619 
1609 
1619 
1617 
1610 
1613 
1621 
1610 
1621 
1618 
1612 
1623 
1620 
1614 
1608 
1616 
1614 
1616 
1622 
1617 
1619 
1629 
1618 
1621 
1632 
1618 
1632 
1628 
1620 
1623 
1635 
1620 
1635 
1631 
1622 
1625 
1634 
1630 
1633 
1624 
1630 
1624 
1627 
1641 
1644 
1638 
1650 
1653 
1637 
1653 
1640 
1637 
1652 
1656 
1639 
1656 
1643 
1639 
1659 
1646 
1642 
1658 
1649 
1645 
1649 
1636 
1645 
1657 
1654 
1648 
1662 
1671 
1668 
1662 
1668 
1665 
1661 
1664 
1677 
1661 
1677 
1674 
1663 
1680 
1676 
1666 
1670 
1683 
1666 
1683 
1679 
1669 
1660 
1673 
1678 
1681 
1672 
1675 
1678 
1672 
1694 
1693 
1692 
1691 
1690 
1689 
1685 
1684 
1695 
1685 
1695 
1694 
1685 
1694 
1692 
1685 
1692 
1691 
1685 
1689 
1688 
1685 
1688 
1686 
1684 
1685 
1697 
1684 
1697 
1696 
1685 
1698 
1697 
1686 
1687 
1699 
1686 
1699 
1698 
1687 
1688 
1700 
1688 
1689 
1701 
1688 
1701 
1700 
1689 
1690 
1702 
1689 
1702 
1701 
1690 
1703 
1702 
1691 
1692 
1704 
1691 
1704 
1703 
1692 
1693 
1705 
1693 
1694 
1706 
1693 
1706 
1705 
1694 
1695 
1707 
1694 
1707 
1706 
1695 
1696 
1707 
1696 
1697 
1709 
1696 
1709 
1708 
1697 
1698 
1710 
1698 
1699 
1711 
1698 
1711 
1710 
1699 
1700 
1712 
1699 
1712 
1711 
1700 
1713 
1712 
1701 
1702 
1714 
1701 
1714 
1713 
1702 
1703 
1715 
1703 
1704 
1716 
1703 
1716 
1715 
1704 
1705 
1717 
1704 
1717 
1716 
1705 
1718 
1717 
1706 
1707 
1719 
1706 
1719 
1718 
1707 
1696 
1708 
1708 
1709 
1721 
1708 
1721 
1720 
1709 
1710 
1722 
1709 
1722 
1721 
1710 
1723 
1722 
1711 
1712 
1724 
1711 
1724 
1723 
1712 
1713 
1725 
1713 
1714 
1726 
1713 
1726 
1725 
1714 
1715 
1727 
1714 
1727 
1726 
1715 
1728 
1727 
1716 
1717 
1729 
1716 
1729 
1728 
1717 
1718 
1730 
1718 
1719 
1731 
1718 
1731 
1730 
1719 
1708 
1720 
1719 
1720 
1731 
1720 
1733 
1732 
1721 
1722 
1734 
1721 
1734 
1733 
1722 
1723 
1735 
1723 
1724 
1736 
1723 
1736 
1735 
1724 
1725 
1737 
1724 
1737 
1736 
1725 
1738 
1737 
1726 
1727 
1739 
1726 
1739 
1738 
1727 
1728 
1740 
1728 
1729 
1741 
1728 
1741 
1740 
1729 
1730 
1742 
1729 
1742 
1741 
1730 
1743 
1742 
1731 
1720 
1732 
1731 
1732 
1743 
1740 
1741 
1742 
1734 
1735 
1736 
1743 
1732 
1733 
1742 
1743 
1733 
1740 
1742 
1733 
1737 
1739 
1733 
1736 
1737 
1733 
1734 
1736 
1733 
