81.3080 
-209.610 
1.59796 
81.3080 
-209.610 
1.59796 
81.3080 
-209.610 
1.59796 
-121.125 
-209.610 
1.59796 
-121.125 
-209.610 
1.59796 
-121.125 
-209.610 
1.59796 
-121.125 
-127.594 
0.373573 
-121.125 
-127.594 
0.373573 
-121.125 
-127.594 
0.373573 
-131.615 
199.012 
-28.9558 
-131.615 
199.012 
-28.9558 
-131.615 
199.012 
-28.9558 
-133.729 
206.137 
-30.0369 
-133.729 
206.137 
-30.0369 
-133.729 
206.137 
-30.0369 
-139.107 
210.755 
-30.7478 
-139.107 
210.755 
-30.7478 
-139.107 
210.755 
-30.7478 
-145.380 
210.755 
-30.7478 
-145.380 
210.755 
-30.7478 
-145.380 
210.755 
-30.7478 
-138.211 
218.833 
-32.0107 
-138.211 
218.833 
-32.0107 
-138.211 
218.833 
-32.0107 
-136.418 
228.061 
-33.4834 
-136.418 
228.061 
-33.4834 
-136.418 
228.061 
-33.4834 
-136.418 
233.826 
-34.4199 
-136.418 
233.826 
-34.4199 
-136.418 
233.826 
-34.4199 
-123.871 
223.448 
-32.7431 
-123.871 
223.448 
-32.7431 
-123.871 
223.448 
-32.7431 
-111.324 
216.526 
-31.6475 
-111.324 
216.526 
-31.6475 
-111.324 
216.526 
-31.6475 
-96.9841 
216.526 
-31.6475 
-96.9841 
216.526 
-31.6475 
-96.9841 
216.526 
-31.6475 
-80.8520 
218.833 
-32.0107 
-80.8520 
218.833 
-32.0107 
-80.8520 
218.833 
-32.0107 
-25.2860 
241.893 
-35.7514 
-25.2860 
241.893 
-35.7514 
-25.2860 
241.893 
-35.7514 
-31.5596 
243.045 
-35.9435 
-31.5596 
243.045 
-35.9435 
-31.5596 
243.045 
-35.9435 
-22.5974 
246.501 
-36.5229 
-22.5974 
246.501 
-36.5229 
-22.5974 
246.501 
-36.5229 
-19.9086 
255.713 
-38.0898 
-19.9086 
255.713 
-38.0898 
-19.9086 
255.713 
-38.0898 
-17.2200 
246.501 
-36.5229 
-17.2200 
246.501 
-36.5229 
-17.2200 
246.501 
-36.5229 
-8.25774 
243.045 
-35.9435 
-8.25774 
243.045 
-35.9435 
-8.25774 
243.045 
-35.9435 
-14.5313 
241.893 
-35.7514 
-14.5313 
241.893 
-35.7514 
-14.5313 
241.893 
-35.7514 
41.0347 
218.833 
-32.0107 
41.0347 
218.833 
-32.0107 
41.0347 
218.833 
-32.0107 
57.1669 
216.526 
-31.6475 
57.1669 
216.526 
-31.6475 
57.1669 
216.526 
-31.6475 
71.5065 
216.526 
-31.6475 
71.5065 
216.526 
-31.6475 
71.5065 
216.526 
-31.6475 
84.0536 
223.448 
-32.7431 
84.0536 
223.448 
-32.7431 
84.0536 
223.448 
-32.7431 
96.6008 
233.826 
-34.4199 
96.6008 
233.826 
-34.4199 
96.6008 
233.826 
-34.4199 
96.6008 
228.061 
-33.4834 
96.6008 
228.061 
-33.4834 
96.6008 
228.061 
-33.4834 
98.3932 
218.833 
-32.0107 
98.3932 
218.833 
-32.0107 
98.3932 
218.833 
-32.0107 
105.563 
210.755 
-30.7478 
105.563 
210.755 
-30.7478 
105.563 
210.755 
-30.7478 
99.2894 
210.755 
-30.7478 
99.2894 
210.755 
-30.7478 
99.2894 
210.755 
-30.7478 
93.9121 
206.137 
-30.0369 
93.9121 
206.137 
-30.0369 
93.9121 
206.137 
-30.0369 
91.7979 
199.012 
-28.9558 
91.7979 
199.012 
-28.9558 
91.7979 
199.012 
-28.9558 
81.3080 
-127.594 
0.373573 
81.3080 
-127.594 
0.373573 
81.3080 
-127.594 
0.373573 
72.5941 
21.5805 
-8.14541 
72.5941 
21.5805 
-8.14541 
72.5941 
21.5805 
-8.14541 
73.9656 
76.9681 
-13.3876 
73.9656 
76.9681 
-13.3876 
73.9656 
76.9681 
-13.3876 
43.4041 
58.2230 
-11.4868 
43.4041 
58.2230 
-11.4868 
43.4041 
58.2230 
-11.4868 
36.7482 
44.3859 
-10.1669 
36.7482 
44.3859 
-10.1669 
39.9839 
28.6170 
-8.74876 
39.9839 
28.6170 
-8.74876 
51.0629 
20.9016 
-8.08825 
51.0629 
20.9016 
-8.08825 
51.0629 
20.9016 
-8.08825 
-1.05162 
19.9901 
-8.01160 
-1.05162 
19.9901 
-8.01160 
-1.05162 
19.9901 
-8.01160 
43.2818 
21.1533 
-8.10938 
43.2818 
21.1533 
-8.10938 
43.2818 
21.1533 
-8.10938 
37.0124 
26.3869 
-8.55550 
37.0124 
26.3869 
-8.55550 
37.0124 
26.3869 
-8.55550 
32.9821 
44.4073 
-10.1689 
32.9821 
44.4073 
-10.1689 
32.9821 
44.4073 
-10.1689 
37.4602 
54.2848 
-11.1039 
37.4602 
54.2848 
-11.1039 
37.4602 
54.2848 
-11.1039 
-0.361954 
28.7402 
-8.75941 
-0.361954 
28.7402 
-8.75941 
-0.361954 
28.7402 
-8.75941 
-2.39503 
48.4749 
-10.5495 
-2.39503 
48.4749 
-10.5495 
-2.39503 
48.4749 
-10.5495 
39.6992 
119.268 
-18.1551 
39.6992 
119.268 
-18.1551 
39.6992 
119.268 
-18.1551 
32.0865 
118.689 
-18.0853 
32.0865 
118.689 
-18.0853 
32.0865 
118.689 
-18.0853 
25.3693 
127.958 
-19.2168 
25.3693 
127.958 
-19.2168 
25.3693 
127.958 
-19.2168 
25.3693 
138.381 
-20.5274 
25.3693 
138.381 
-20.5274 
25.3693 
138.381 
-20.5274 
-4.62071 
53.6129 
-11.0392 
-4.62071 
53.6129 
-11.0392 
-4.62071 
53.6129 
-11.0392 
-8.43401 
139.276 
-20.6417 
-8.43401 
139.276 
-20.6417 
7.47719 
133.483 
-19.9063 
7.47719 
133.483 
-19.9063 
21.5159 
144.857 
-21.3618 
21.5159 
144.857 
-21.3618 
42.2260 
202.320 
-29.4553 
42.2260 
202.320 
-29.4553 
42.2260 
202.320 
-29.4553 
-14.7353 
224.943 
-32.9821 
-14.7353 
224.943 
-32.9821 
-14.7353 
224.943 
-32.9821 
-15.2677 
158.367 
-23.1535 
-15.2677 
158.367 
-23.1535 
42.3418 
124.739 
-18.8202 
42.3418 
124.739 
-18.8202 
75.7640 
175.548 
-25.5306 
75.7640 
175.548 
-25.5306 
75.7640 
175.548 
-25.5306 
70.8304 
193.925 
-28.1957 
70.8304 
193.925 
-28.1957 
70.8304 
193.925 
-28.1957 
49.9989 
199.077 
-28.9656 
49.9989 
199.077 
-28.9656 
49.9989 
199.077 
-28.9656 
28.5039 
145.327 
-21.4231 
28.5039 
145.327 
-21.4231 
28.5039 
145.327 
-21.4231 
28.0561 
132.012 
-19.7218 
28.0561 
132.012 
-19.7218 
33.8777 
122.745 
-18.5765 
33.8777 
122.745 
-18.5765 
55.8790 
75.8911 
-13.2749 
55.8790 
75.8911 
-13.2749 
55.8790 
75.8911 
-13.2749 
73.7329 
89.1183 
-14.6891 
73.7329 
89.1183 
-14.6891 
73.7329 
89.1183 
-14.6891 
75.2316 
159.742 
-23.3397 
75.2316 
159.742 
-23.3397 
75.2316 
159.742 
-23.3397 
36.1168 
103.618 
-16.3139 
36.1168 
103.618 
-16.3139 
36.1168 
103.618 
-16.3139 
34.7733 
86.2173 
-14.3733 
34.7733 
86.2173 
-14.3733 
42.8793 
75.2003 
-13.2028 
42.8793 
75.2003 
-13.2028 
-15.2677 
58.4468 
-11.5087 
-15.2677 
58.4468 
-11.5087 
-15.2677 
58.4468 
-11.5087 
-8.34721 
56.3752 
-11.3064 
-8.34721 
56.3752 
-11.3064 
-8.34721 
56.3752 
-11.3064 
16.6732 
134.288 
-20.0079 
16.6732 
134.288 
-20.0079 
16.6732 
134.288 
-20.0079 
6.11339 
127.958 
-19.2168 
6.11339 
127.958 
-19.2168 
6.11339 
127.958 
-19.2168 
-10.4556 
134.907 
-20.0860 
-10.4556 
134.907 
-20.0860 
-10.4556 
134.907 
-20.0860 
-15.2677 
145.987 
-21.5092 
-15.2677 
145.987 
-21.5092 
-15.2677 
145.987 
-21.5092 
-1.05156 
44.4073 
-10.1689 
-1.05156 
44.4073 
-10.1689 
-1.05156 
44.4073 
-10.1689 
-0.603836 
35.6891 
-9.37341 
-0.603836 
35.6891 
-9.37341 
-0.603836 
35.6891 
-9.37341 
48.2077 
70.5462 
-12.7216 
48.2077 
70.5462 
-12.7216 
48.2077 
70.5462 
-12.7216 
39.2514 
72.2878 
-12.9008 
39.2514 
72.2878 
-12.9008 
39.2514 
72.2878 
-12.9008 
31.1908 
83.3160 
-14.0607 
31.1908 
83.3160 
-14.0607 
31.1908 
83.3160 
-14.0607 
32.0865 
94.9193 
-15.3298 
32.0865 
94.9193 
-15.3298 
32.0865 
94.9193 
-15.3298 
-113.466 
21.5805 
-8.14541 
-113.466 
21.5805 
-8.14541 
-113.466 
21.5805 
-8.14541 
-90.7822 
20.9016 
-8.08825 
-90.7822 
20.9016 
-8.08825 
-79.7032 
28.6170 
-8.74876 
-79.7032 
28.6170 
-8.74876 
-76.4676 
44.3859 
-10.1669 
-76.4676 
44.3859 
-10.1669 
-83.1235 
58.2230 
-11.4868 
-83.1235 
58.2230 
-11.4868 
-83.1235 
58.2230 
-11.4868 
-113.685 
76.9681 
-13.3876 
-113.685 
76.9681 
-13.3876 
-113.685 
76.9681 
-13.3876 
-38.6678 
19.9901 
-8.01160 
-38.6678 
19.9901 
-8.01160 
-38.6678 
19.9901 
-8.01160 
-39.3574 
28.7402 
-8.75941 
-39.3574 
28.7402 
-8.75941 
-39.3574 
28.7402 
-8.75941 
-77.1796 
54.2848 
-11.1039 
-77.1796 
54.2848 
-11.1039 
-77.1796 
54.2848 
-11.1039 
-72.7014 
44.4073 
-10.1689 
-72.7014 
44.4073 
-10.1689 
-72.7014 
44.4073 
-10.1689 
-76.7317 
26.3869 
-8.55550 
-76.7317 
26.3869 
-8.55550 
-76.7317 
26.3869 
-8.55550 
-83.0011 
21.1533 
-8.10938 
-83.0011 
21.1533 
-8.10938 
-83.0011 
21.1533 
-8.10938 
-37.3243 
48.4749 
-10.5495 
-37.3243 
48.4749 
-10.5495 
-37.3243 
48.4749 
-10.5495 
-35.0986 
53.6129 
-11.0392 
-35.0986 
53.6129 
-11.0392 
-35.0986 
53.6129 
-11.0392 
-65.0887 
138.381 
-20.5274 
-65.0887 
138.381 
-20.5274 
-65.0887 
138.381 
-20.5274 
-65.0887 
127.958 
-19.2168 
-65.0887 
127.958 
-19.2168 
-65.0887 
127.958 
-19.2168 
-71.8058 
118.689 
-18.0853 
-71.8058 
118.689 
-18.0853 
-71.8058 
118.689 
-18.0853 
-79.4186 
119.268 
-18.1551 
-79.4186 
119.268 
-18.1551 
-79.4186 
119.268 
-18.1551 
-31.2853 
139.276 
-20.6417 
-31.2853 
139.276 
-20.6417 
-24.4516 
158.367 
-23.1535 
-24.4516 
158.367 
-23.1535 
-24.9840 
224.943 
-32.9821 
-24.9840 
224.943 
-32.9821 
-24.9840 
224.943 
-32.9821 
-81.9454 
202.320 
-29.4553 
-81.9454 
202.320 
-29.4553 
-81.9454 
202.320 
-29.4553 
-61.2353 
144.857 
-21.3618 
-61.2353 
144.857 
-21.3618 
-47.1965 
133.483 
-19.9063 
-47.1965 
133.483 
-19.9063 
-82.0611 
124.739 
-18.8202 
-82.0611 
124.739 
-18.8202 
-73.5970 
122.745 
-18.5765 
-73.5970 
122.745 
-18.5765 
-67.7755 
132.012 
-19.7218 
-67.7755 
132.012 
-19.7218 
-68.2233 
145.327 
-21.4231 
-68.2233 
145.327 
-21.4231 
-68.2233 
145.327 
-21.4231 
-89.7183 
199.077 
-28.9656 
-89.7183 
199.077 
-28.9656 
-89.7183 
199.077 
-28.9656 
-111.703 
195.062 
-28.3647 
-111.703 
195.062 
-28.3647 
-111.703 
195.062 
-28.3647 
-115.483 
175.548 
-25.5306 
-115.483 
175.548 
-25.5306 
-95.5983 
75.8911 
-13.2749 
-95.5983 
75.8911 
-13.2749 
-95.5983 
75.8911 
-13.2749 
-82.5986 
75.2003 
-13.2028 
-82.5986 
75.2003 
-13.2028 
-74.4927 
86.2173 
-14.3733 
-74.4927 
86.2173 
-14.3733 
-75.8362 
103.618 
-16.3139 
-75.8362 
103.618 
-16.3139 
-75.8362 
103.618 
-16.3139 
-114.951 
159.742 
-23.3397 
-114.951 
159.742 
-23.3397 
-114.951 
159.742 
-23.3397 
-113.452 
89.1183 
-14.6891 
-113.452 
89.1183 
-14.6891 
-113.452 
89.1183 
-14.6891 
-24.4516 
58.4468 
-11.5087 
-24.4516 
58.4468 
-11.5087 
-24.4516 
58.4468 
-11.5087 
-24.4516 
145.987 
-21.5092 
-24.4516 
145.987 
-21.5092 
-24.4516 
145.987 
-21.5092 
-29.2637 
134.907 
-20.0860 
-29.2637 
134.907 
-20.0860 
-29.2637 
134.907 
-20.0860 
-45.8327 
127.958 
-19.2168 
-45.8327 
127.958 
-19.2168 
-45.8327 
127.958 
-19.2168 
-56.3926 
134.288 
-20.0079 
-56.3926 
134.288 
-20.0079 
-56.3926 
134.288 
-20.0079 
-31.3722 
56.3752 
-11.3064 
-31.3722 
56.3752 
-11.3064 
-31.3722 
56.3752 
-11.3064 
-38.6678 
44.4073 
-10.1689 
-38.6678 
44.4073 
-10.1689 
-38.6678 
44.4073 
-10.1689 
-71.8058 
94.9193 
-15.3298 
-71.8058 
94.9193 
-15.3298 
-71.8058 
94.9193 
-15.3298 
-70.9102 
83.3160 
-14.0607 
-70.9102 
83.3160 
-14.0607 
-70.9102 
83.3160 
-14.0607 
-78.9709 
72.2878 
-12.9008 
-78.9709 
72.2878 
-12.9008 
-78.9709 
72.2878 
-12.9008 
-87.9271 
70.5462 
-12.7216 
-87.9271 
70.5462 
-12.7216 
-87.9271 
70.5462 
-12.7216 
-39.1156 
35.6891 
-9.37341 
-39.1156 
35.6891 
-9.37341 
-39.1156 
35.6891 
-9.37341 
72.1075 
7.32199 
-6.97883 
72.1075 
7.32199 
-6.97883 
72.1075 
7.32199 
-6.97883 
51.0629 
7.44452 
-6.98849 
51.0629 
7.44452 
-6.98849 
39.9839 
-0.275772 
-6.38776 
39.9839 
-0.275772 
-6.38776 
36.7482 
-16.0658 
-5.22692 
36.7482 
-16.0658 
-5.22692 
43.4041 
-29.9336 
-4.28291 
43.4041 
-29.9336 
-4.28291 
43.4041 
-29.9336 
-4.28291 
71.3778 
-48.6590 
-3.12010 
71.3778 
-48.6590 
-3.12010 
71.3778 
-48.6590 
-3.12010 
-1.05162 
8.35632 
-7.06088 
-1.05162 
8.35632 
-7.06088 
-1.05162 
8.35632 
-7.06088 
-0.361954 
-0.399136 
-6.37827 
-0.361954 
-0.399136 
-6.37827 
-0.361954 
-0.399136 
-6.37827 
37.4602 
-25.9855 
-4.54462 
37.4602 
-25.9855 
-4.54462 
37.4602 
-25.9855 
-4.54462 
32.9821 
-16.0872 
-5.22544 
32.9821 
-16.0872 
-5.22544 
32.9821 
-16.0872 
-5.22544 
37.0124 
1.95603 
-6.55923 
37.0124 
1.95603 
-6.55923 
37.0124 
1.95603 
-6.55923 
43.2818 
7.19273 
-6.96868 
43.2818 
7.19273 
-6.96868 
43.2818 
7.19273 
-6.96868 
-2.39503 
-20.1627 
-4.94080 
-2.39503 
-20.1627 
-4.94080 
-2.39503 
-20.1627 
-4.94080 
-4.62071 
-25.3119 
-4.58983 
-4.62071 
-25.3119 
-4.58983 
-4.62071 
-25.3119 
-4.58983 
25.3693 
-110.496 
-0.190147 
25.3693 
-110.496 
-0.190147 
25.3693 
-110.496 
-0.190147 
25.3693 
-99.9985 
-0.589272 
25.3693 
-99.9985 
-0.589272 
25.3693 
-99.9985 
-0.589272 
32.0865 
-90.6685 
-0.977585 
32.0865 
-90.6685 
-0.977585 
32.0865 
-90.6685 
-0.977585 
39.6992 
-91.2516 
-0.952362 
39.6992 
-91.2516 
-0.952362 
39.6992 
-91.2516 
-0.952362 
-8.43401 
-111.398 
-0.157883 
-8.43401 
-111.398 
-0.157883 
-15.2677 
-130.643 
0.462997 
-15.2677 
-130.643 
0.462997 
-15.4645 
-147.486 
0.895523 
-15.4645 
-147.486 
0.895523 
-15.4645 
-147.486 
0.895523 
30.5108 
-147.486 
0.895523 
30.5108 
-147.486 
0.895523 
30.5108 
-147.486 
0.895523 
21.5159 
-117.021 
0.0375061 
21.5159 
-117.021 
0.0375061 
7.47719 
-105.562 
-0.372757 
7.47719 
-105.562 
-0.372757 
42.3418 
-96.7578 
-0.720451 
42.3418 
-96.7578 
-0.720451 
33.8777 
-94.7502 
-0.803818 
33.8777 
-94.7502 
-0.803818 
28.0561 
-104.081 
-0.429260 
28.0561 
-104.081 
-0.429260 
28.5039 
-117.496 
0.0535507 
28.5039 
-117.496 
0.0535507 
28.5039 
-117.496 
0.0535507 
40.7275 
-146.536 
0.873909 
40.7275 
-146.536 
0.873909 
40.7275 
-146.536 
0.873909 
64.8099 
-146.536 
0.873909 
64.8099 
-146.536 
0.873909 
64.8099 
-146.536 
0.873909 
66.9992 
-140.831 
0.736992 
66.9992 
-140.831 
0.736992 
55.8790 
-47.6576 
-3.17906 
55.8790 
-47.6576 
-3.17906 
55.8790 
-47.6576 
-3.17906 
42.8793 
-46.9642 
-3.22000 
42.8793 
-46.9642 
-3.22000 
34.7733 
-58.0251 
-2.58652 
34.7733 
-58.0251 
-2.58652 
36.1168 
-75.5103 
-1.67625 
36.1168 
-75.5103 
-1.67625 
36.1168 
-75.5103 
-1.67625 
67.7290 
-125.619 
0.313957 
67.7290 
-125.619 
0.313957 
67.7290 
-125.619 
0.313957 
70.6480 
-60.0540 
-2.47515 
70.6480 
-60.0540 
-2.47515 
70.6480 
-60.0540 
-2.47515 
-15.2677 
-30.1579 
-4.26833 
-15.2677 
-30.1579 
-4.26833 
-15.2677 
-30.1579 
-4.26833 
-15.2677 
-118.160 
0.0756607 
-15.2677 
-118.160 
0.0756607 
-15.2677 
-118.160 
0.0756607 
-10.4556 
-106.997 
-0.318710 
-10.4556 
-106.997 
-0.318710 
-10.4556 
-106.997 
-0.318710 
6.11339 
-99.9985 
-0.589272 
6.11339 
-99.9985 
-0.589272 
6.11339 
-99.9985 
-0.589272 
16.6732 
-106.373 
-0.342133 
16.6732 
-106.373 
-0.342133 
16.6732 
-106.373 
-0.342133 
-8.34721 
-28.0810 
-4.40509 
-8.34721 
-28.0810 
-4.40509 
-8.34721 
-28.0810 
-4.40509 
-1.05156 
-16.0872 
-5.22544 
-1.05156 
-16.0872 
-5.22544 
-1.05156 
-16.0872 
-5.22544 
32.0865 
-66.7670 
-2.11746 
32.0865 
-66.7670 
-2.11746 
32.0865 
-66.7670 
-2.11746 
31.1908 
-55.1115 
-2.74899 
31.1908 
-55.1115 
-2.74899 
31.1908 
-55.1115 
-2.74899 
39.2514 
-44.0414 
-3.39492 
39.2514 
-44.0414 
-3.39492 
39.2514 
-44.0414 
-3.39492 
48.2077 
-42.2937 
-3.50105 
48.2077 
-42.2937 
-3.50105 
48.2077 
-42.2937 
-3.50105 
-0.603836 
-7.35551 
-5.85598 
-0.603836 
-7.35551 
-5.85598 
-0.603836 
-7.35551 
-5.85598 
-111.794 
7.32199 
-6.97883 
-111.794 
7.32199 
-6.97883 
-111.794 
7.32199 
-6.97883 
-111.064 
-48.6590 
-3.12010 
-111.064 
-48.6590 
-3.12010 
-111.064 
-48.6590 
-3.12010 
-83.0902 
-29.9336 
-4.28291 
-83.0902 
-29.9336 
-4.28291 
-83.0902 
-29.9336 
-4.28291 
-76.4344 
-16.0658 
-5.22692 
-76.4344 
-16.0658 
-5.22692 
-79.6700 
-0.275772 
-6.38776 
-79.6700 
-0.275772 
-6.38776 
-90.7491 
7.44452 
-6.98849 
-90.7491 
7.44452 
-6.98849 
-38.6346 
8.35632 
-7.06088 
-38.6346 
8.35632 
-7.06088 
-38.6346 
8.35632 
-7.06088 
-82.9679 
7.19273 
-6.96868 
-82.9679 
7.19273 
-6.96868 
-82.9679 
7.19273 
-6.96868 
-76.6986 
1.95603 
-6.55923 
-76.6986 
1.95603 
-6.55923 
-76.6986 
1.95603 
-6.55923 
-72.6683 
-16.0872 
-5.22544 
-72.6683 
-16.0872 
-5.22544 
-72.6683 
-16.0872 
-5.22544 
-77.1464 
-25.9855 
-4.54462 
-77.1464 
-25.9855 
-4.54462 
-77.1464 
-25.9855 
-4.54462 
-39.3243 
-0.399136 
-6.37827 
-39.3243 
-0.399136 
-6.37827 
-39.3243 
-0.399136 
-6.37827 
-37.2912 
-20.1627 
-4.94080 
-37.2912 
-20.1627 
-4.94080 
-37.2912 
-20.1627 
-4.94080 
-79.3854 
-91.2516 
-0.952362 
-79.3854 
-91.2516 
-0.952362 
-79.3854 
-91.2516 
-0.952362 
-71.7726 
-90.6685 
-0.977585 
-71.7726 
-90.6685 
-0.977585 
-71.7726 
-90.6685 
-0.977585 
-65.0555 
-99.9985 
-0.589272 
-65.0555 
-99.9985 
-0.589272 
-65.0555 
-99.9985 
-0.589272 
-65.0555 
-110.496 
-0.190147 
-65.0555 
-110.496 
-0.190147 
-65.0555 
-110.496 
-0.190147 
-35.0654 
-25.3119 
-4.58983 
-35.0654 
-25.3119 
-4.58983 
-35.0654 
-25.3119 
-4.58983 
-31.2521 
-111.398 
-0.157883 
-31.2521 
-111.398 
-0.157883 
-47.1633 
-105.562 
-0.372757 
-47.1633 
-105.562 
-0.372757 
-61.2021 
-117.021 
0.0375061 
-61.2021 
-117.021 
0.0375061 
-70.1970 
-147.486 
0.895523 
-70.1970 
-147.486 
0.895523 
-70.1970 
-147.486 
0.895523 
-24.2217 
-147.486 
0.895523 
-24.2217 
-147.486 
0.895523 
-24.2217 
-147.486 
0.895523 
-24.4185 
-130.643 
0.462997 
-24.4185 
-130.643 
0.462997 
-82.0279 
-96.7578 
-0.720451 
-82.0279 
-96.7578 
-0.720451 
-106.685 
-140.831 
0.736992 
-106.685 
-140.831 
0.736992 
-106.685 
-140.831 
0.736992 
-104.496 
-146.536 
0.873909 
-104.496 
-146.536 
0.873909 
-104.496 
-146.536 
0.873909 
-80.4137 
-146.536 
0.873909 
-80.4137 
-146.536 
0.873909 
-80.4137 
-146.536 
0.873909 
-68.1902 
-117.496 
0.0535507 
-68.1902 
-117.496 
0.0535507 
-68.1902 
-117.496 
0.0535507 
-67.7424 
-104.081 
-0.429260 
-67.7424 
-104.081 
-0.429260 
-73.5639 
-94.7502 
-0.803818 
-73.5639 
-94.7502 
-0.803818 
-95.5651 
-47.6576 
-3.17906 
-95.5651 
-47.6576 
-3.17906 
-95.5651 
-47.6576 
-3.17906 
-110.334 
-60.0540 
-2.47515 
-110.334 
-60.0540 
-2.47515 
-110.334 
-60.0540 
-2.47515 
-107.415 
-125.619 
0.313957 
-107.415 
-125.619 
0.313957 
-107.415 
-125.619 
0.313957 
-75.8030 
-75.5103 
-1.67625 
-75.8030 
-75.5103 
-1.67625 
-75.8030 
-75.5103 
-1.67625 
-74.4595 
-58.0251 
-2.58652 
-74.4595 
-58.0251 
-2.58652 
-82.5655 
-46.9642 
-3.22000 
-82.5655 
-46.9642 
-3.22000 
-24.4185 
-30.1579 
-4.26833 
-24.4185 
-30.1579 
-4.26833 
-24.4185 
-30.1579 
-4.26833 
-31.3390 
-28.0810 
-4.40509 
-31.3390 
-28.0810 
-4.40509 
-31.3390 
-28.0810 
-4.40509 
-56.3595 
-106.373 
-0.342133 
-56.3595 
-106.373 
-0.342133 
-56.3595 
-106.373 
-0.342133 
-45.7996 
-99.9985 
-0.589272 
-45.7996 
-99.9985 
-0.589272 
-45.7996 
-99.9985 
-0.589272 
-29.2306 
-106.997 
-0.318710 
-29.2306 
-106.997 
-0.318710 
-29.2306 
-106.997 
-0.318710 
-24.4185 
-118.160 
0.0756607 
-24.4185 
-118.160 
0.0756607 
-24.4185 
-118.160 
0.0756607 
-38.6346 
-16.0872 
-5.22544 
-38.6346 
-16.0872 
-5.22544 
-38.6346 
-16.0872 
-5.22544 
-39.0824 
-7.35551 
-5.85598 
-39.0824 
-7.35551 
-5.85598 
-39.0824 
-7.35551 
-5.85598 
-87.8939 
-42.2937 
-3.50105 
-87.8939 
-42.2937 
-3.50105 
-87.8939 
-42.2937 
-3.50105 
-78.9376 
-44.0414 
-3.39492 
-78.9376 
-44.0414 
-3.39492 
-78.9376 
-44.0414 
-3.39492 
-70.8770 
-55.1115 
-2.74899 
-70.8770 
-55.1115 
-2.74899 
-70.8770 
-55.1115 
-2.74899 
-71.7726 
-66.7670 
-2.11746 
-71.7726 
-66.7670 
-2.11746 
-71.7726 
-66.7670 
-2.11746 
81.3080 
-209.610 
-12.9647 
81.3080 
-209.610 
-12.9647 
81.3080 
-209.610 
-12.9647 
-121.125 
-209.610 
-12.9647 
-121.125 
-209.610 
-12.9647 
-121.125 
-209.610 
-12.9647 
-121.125 
-128.028 
-14.1826 
-121.125 
-128.028 
-14.1826 
-121.125 
-128.028 
-14.1826 
-131.615 
196.846 
-43.3565 
-131.615 
196.846 
-43.3565 
-131.615 
196.846 
-43.3565 
-133.729 
203.934 
-44.4318 
-133.729 
203.934 
-44.4318 
-133.729 
203.934 
-44.4318 
-139.107 
208.527 
-45.1390 
-139.107 
208.527 
-45.1390 
-139.107 
208.527 
-45.1390 
-145.380 
208.527 
-45.1390 
-145.380 
208.527 
-45.1390 
-145.380 
208.527 
-45.1390 
-138.211 
216.563 
-46.3952 
-138.211 
216.563 
-46.3952 
-138.211 
216.563 
-46.3952 
-136.418 
225.741 
-47.8601 
-136.418 
225.741 
-47.8601 
-136.418 
225.741 
-47.8601 
-136.418 
231.475 
-48.7916 
-136.418 
231.475 
-48.7916 
-136.418 
231.475 
-48.7916 
-123.871 
221.153 
-47.1237 
-123.871 
221.153 
-47.1237 
-123.871 
221.153 
-47.1237 
-111.324 
214.267 
-46.0339 
-111.324 
214.267 
-46.0339 
-111.324 
214.267 
-46.0339 
-96.9841 
214.267 
-46.0339 
-96.9841 
214.267 
-46.0339 
-96.9841 
214.267 
-46.0339 
-80.8520 
216.563 
-46.3952 
-80.8520 
216.563 
-46.3952 
-80.8520 
216.563 
-46.3952 
-25.2860 
239.500 
-50.1160 
-25.2860 
239.500 
-50.1160 
-25.2860 
239.500 
-50.1160 
-31.5596 
240.646 
-50.3071 
-31.5596 
240.646 
-50.3071 
-31.5596 
240.646 
-50.3071 
-22.5974 
244.084 
-50.8835 
-22.5974 
244.084 
-50.8835 
-22.5974 
244.084 
-50.8835 
-19.9086 
253.247 
-52.4420 
-19.9086 
253.247 
-52.4420 
-19.9086 
253.247 
-52.4420 
-17.2200 
244.084 
-50.8835 
-17.2200 
244.084 
-50.8835 
-17.2200 
244.084 
-50.8835 
-8.25774 
240.646 
-50.3071 
-8.25774 
240.646 
-50.3071 
-8.25774 
240.646 
-50.3071 
-14.5313 
239.500 
-50.1160 
-14.5313 
239.500 
-50.1160 
-14.5313 
239.500 
-50.1160 
41.0347 
216.563 
-46.3952 
41.0347 
216.563 
-46.3952 
41.0347 
216.563 
-46.3952 
57.1669 
214.267 
-46.0339 
57.1669 
214.267 
-46.0339 
57.1669 
214.267 
-46.0339 
71.5065 
214.267 
-46.0339 
71.5065 
214.267 
-46.0339 
71.5065 
214.267 
-46.0339 
84.0536 
221.153 
-47.1237 
84.0536 
221.153 
-47.1237 
84.0536 
221.153 
-47.1237 
96.6008 
231.475 
-48.7916 
96.6008 
231.475 
-48.7916 
96.6008 
231.475 
-48.7916 
96.6008 
225.741 
-47.8601 
96.6008 
225.741 
-47.8601 
96.6008 
225.741 
-47.8601 
98.3932 
216.563 
-46.3952 
98.3932 
216.563 
-46.3952 
98.3932 
216.563 
-46.3952 
105.563 
208.527 
-45.1390 
105.563 
208.527 
-45.1390 
105.563 
208.527 
-45.1390 
99.2894 
208.527 
-45.1390 
99.2894 
208.527 
-45.1390 
99.2894 
208.527 
-45.1390 
93.9121 
203.934 
-44.4318 
93.9121 
203.934 
-44.4318 
93.9121 
203.934 
-44.4318 
91.7979 
196.846 
-43.3565 
91.7979 
196.846 
-43.3565 
91.7979 
196.846 
-43.3565 
81.3080 
-128.028 
-14.1826 
81.3080 
-128.028 
-14.1826 
81.3080 
-128.028 
-14.1826 
72.5941 
20.3552 
-22.6564 
72.5941 
20.3552 
-22.6564 
72.5941 
20.3552 
-22.6564 
73.9656 
75.4493 
-27.8708 
73.9656 
75.4493 
-27.8708 
73.9656 
75.4493 
-27.8708 
43.4041 
56.8035 
-25.9800 
43.4041 
56.8035 
-25.9800 
43.4041 
56.8035 
-25.9800 
36.7482 
43.0398 
-24.6672 
36.7482 
43.0398 
-24.6672 
39.9839 
27.3544 
-23.2565 
39.9839 
27.3544 
-23.2565 
51.0629 
19.6799 
-22.5995 
51.0629 
19.6799 
-22.5995 
51.0629 
19.6799 
-22.5995 
-1.05162 
18.7732 
-22.5233 
-1.05162 
18.7732 
-22.5233 
-1.05162 
18.7732 
-22.5233 
43.2818 
19.9302 
-22.6206 
43.2818 
19.9302 
-22.6206 
43.2818 
19.9302 
-22.6206 
37.0124 
25.1362 
-23.0643 
37.0124 
25.1362 
-23.0643 
37.0124 
25.1362 
-23.0643 
32.9821 
43.0611 
-24.6691 
32.9821 
43.0611 
-24.6691 
32.9821 
43.0611 
-24.6691 
37.4602 
52.8862 
-25.5992 
37.4602 
52.8862 
-25.5992 
37.4602 
52.8862 
-25.5992 
-0.361954 
27.4770 
-23.2671 
-0.361954 
27.4770 
-23.2671 
-0.361954 
27.4770 
-23.2671 
-2.39503 
47.1071 
-25.0477 
-2.39503 
47.1071 
-25.0477 
-2.39503 
47.1071 
-25.0477 
39.6992 
117.525 
-32.6130 
39.6992 
117.525 
-32.6130 
39.6992 
117.525 
-32.6130 
32.0865 
116.949 
-32.5436 
32.0865 
116.949 
-32.5436 
32.0865 
116.949 
-32.5436 
25.3693 
126.169 
-33.6692 
25.3693 
126.169 
-33.6692 
25.3693 
126.169 
-33.6692 
25.3693 
136.537 
-34.9727 
25.3693 
136.537 
-34.9727 
25.3693 
136.537 
-34.9727 
-4.62071 
52.2178 
-25.5348 
-4.62071 
52.2178 
-25.5348 
-4.62071 
52.2178 
-25.5348 
-8.43401 
137.427 
-35.0864 
-8.43401 
137.427 
-35.0864 
7.47719 
131.664 
-34.3550 
7.47719 
131.664 
-34.3550 
21.5159 
142.978 
-35.8028 
21.5159 
142.978 
-35.8028 
42.2260 
200.137 
-43.8534 
42.2260 
200.137 
-43.8534 
42.2260 
200.137 
-43.8534 
-14.7353 
222.640 
-47.3614 
-14.7353 
222.640 
-47.3614 
-14.7353 
222.640 
-47.3614 
-15.2677 
156.417 
-37.5850 
-15.2677 
156.417 
-37.5850 
42.3418 
122.967 
-33.2746 
42.3418 
122.967 
-33.2746 
75.7640 
173.507 
-39.9494 
75.7640 
173.507 
-39.9494 
75.7640 
173.507 
-39.9494 
70.8304 
191.786 
-42.6004 
70.8304 
191.786 
-42.6004 
70.8304 
191.786 
-42.6004 
49.9989 
196.911 
-43.3662 
49.9989 
196.911 
-43.3662 
49.9989 
196.911 
-43.3662 
28.5039 
143.446 
-35.8637 
28.5039 
143.446 
-35.8637 
28.5039 
143.446 
-35.8637 
28.0561 
130.202 
-34.1714 
28.0561 
130.202 
-34.1714 
33.8777 
120.983 
-33.0322 
33.8777 
120.983 
-33.0322 
55.8790 
74.3780 
-27.7587 
55.8790 
74.3780 
-27.7587 
55.8790 
74.3780 
-27.7587 
73.7329 
87.5351 
-29.1654 
73.7329 
87.5351 
-29.1654 
73.7329 
87.5351 
-29.1654 
75.2316 
157.784 
-37.7702 
75.2316 
157.784 
-37.7702 
75.2316 
157.784 
-37.7702 
36.1168 
101.958 
-30.7816 
36.1168 
101.958 
-30.7816 
36.1168 
101.958 
-30.7816 
34.7733 
84.6495 
-28.8513 
34.7733 
84.6495 
-28.8513 
42.8793 
73.6908 
-27.6870 
42.8793 
73.6908 
-27.6870 
-15.2677 
57.0261 
-26.0019 
-15.2677 
57.0261 
-26.0019 
-15.2677 
57.0261 
-26.0019 
-8.34721 
54.9655 
-25.8007 
-8.34721 
54.9655 
-25.8007 
-8.34721 
54.9655 
-25.8007 
16.6732 
132.466 
-34.4560 
16.6732 
132.466 
-34.4560 
16.6732 
132.466 
-34.4560 
6.11339 
126.169 
-33.6692 
6.11339 
126.169 
-33.6692 
6.11339 
126.169 
-33.6692 
-10.4556 
133.082 
-34.5337 
-10.4556 
133.082 
-34.5337 
-10.4556 
133.082 
-34.5337 
-15.2677 
144.102 
-35.9494 
-15.2677 
144.102 
-35.9494 
-15.2677 
144.102 
-35.9494 
-1.05156 
43.0611 
-24.6691 
-1.05156 
43.0611 
-24.6691 
-1.05156 
43.0611 
-24.6691 
-0.603836 
34.3890 
-23.8779 
-0.603836 
34.3890 
-23.8779 
-0.603836 
34.3890 
-23.8779 
48.2077 
69.0614 
-27.2084 
48.2077 
69.0614 
-27.2084 
48.2077 
69.0614 
-27.2084 
39.2514 
70.7938 
-27.3866 
39.2514 
70.7938 
-27.3866 
39.2514 
70.7938 
-27.3866 
31.1908 
81.7635 
-28.5403 
31.1908 
81.7635 
-28.5403 
31.1908 
81.7635 
-28.5403 
32.0865 
93.3054 
-29.8027 
32.0865 
93.3054 
-29.8027 
32.0865 
93.3054 
-29.8027 
-113.466 
20.3552 
-22.6564 
-113.466 
20.3552 
-22.6564 
-113.466 
20.3552 
-22.6564 
-90.7822 
19.6799 
-22.5995 
-90.7822 
19.6799 
-22.5995 
-79.7032 
27.3544 
-23.2565 
-79.7032 
27.3544 
-23.2565 
-76.4676 
43.0398 
-24.6672 
-76.4676 
43.0398 
-24.6672 
-83.1235 
56.8035 
-25.9800 
-83.1235 
56.8035 
-25.9800 
-83.1235 
56.8035 
-25.9800 
-113.685 
75.4493 
-27.8708 
-113.685 
75.4493 
-27.8708 
-113.685 
75.4493 
-27.8708 
-38.6678 
18.7732 
-22.5233 
-38.6678 
18.7732 
-22.5233 
-38.6678 
18.7732 
-22.5233 
-39.3574 
27.4770 
-23.2671 
-39.3574 
27.4770 
-23.2671 
-39.3574 
27.4770 
-23.2671 
-77.1796 
52.8862 
-25.5992 
-77.1796 
52.8862 
-25.5992 
-77.1796 
52.8862 
-25.5992 
-72.7014 
43.0611 
-24.6691 
-72.7014 
43.0611 
-24.6691 
-72.7014 
43.0611 
-24.6691 
-76.7317 
25.1362 
-23.0643 
-76.7317 
25.1362 
-23.0643 
-76.7317 
25.1362 
-23.0643 
-83.0011 
19.9302 
-22.6206 
-83.0011 
19.9302 
-22.6206 
-83.0011 
19.9302 
-22.6206 
-37.3243 
47.1071 
-25.0477 
-37.3243 
47.1071 
-25.0477 
-37.3243 
47.1071 
-25.0477 
-35.0986 
52.2178 
-25.5348 
-35.0986 
52.2178 
-25.5348 
-35.0986 
52.2178 
-25.5348 
-65.0887 
136.537 
-34.9727 
-65.0887 
136.537 
-34.9727 
-65.0887 
136.537 
-34.9727 
-65.0887 
126.169 
-33.6692 
-65.0887 
126.169 
-33.6692 
-65.0887 
126.169 
-33.6692 
-71.8058 
116.949 
-32.5436 
-71.8058 
116.949 
-32.5436 
-71.8058 
116.949 
-32.5436 
-79.4186 
117.525 
-32.6130 
-79.4186 
117.525 
-32.6130 
-79.4186 
117.525 
-32.6130 
-31.2853 
137.427 
-35.0864 
-31.2853 
137.427 
-35.0864 
-24.4516 
156.417 
-37.5850 
-24.4516 
156.417 
-37.5850 
-24.9840 
222.640 
-47.3614 
-24.9840 
222.640 
-47.3614 
-24.9840 
222.640 
-47.3614 
-81.9454 
200.137 
-43.8534 
-81.9454 
200.137 
-43.8534 
-81.9454 
200.137 
-43.8534 
-61.2353 
142.978 
-35.8028 
-61.2353 
142.978 
-35.8028 
-47.1965 
131.664 
-34.3550 
-47.1965 
131.664 
-34.3550 
-82.0611 
122.967 
-33.2746 
-82.0611 
122.967 
-33.2746 
-82.0611 
122.967 
-33.2746 
-73.5970 
120.983 
-33.0322 
-73.5970 
120.983 
-33.0322 
-67.7755 
130.202 
-34.1714 
-67.7755 
130.202 
-34.1714 
-68.2233 
143.446 
-35.8637 
-68.2233 
143.446 
-35.8637 
-68.2233 
143.446 
-35.8637 
-89.7183 
196.911 
-43.3662 
-89.7183 
196.911 
-43.3662 
-89.7183 
196.911 
-43.3662 
-111.703 
192.917 
-42.7685 
-111.703 
192.917 
-42.7685 
-111.703 
192.917 
-42.7685 
-115.483 
173.507 
-39.9494 
-115.483 
173.507 
-39.9494 
-95.5983 
74.3780 
-27.7587 
-95.5983 
74.3780 
-27.7587 
-95.5983 
74.3780 
-27.7587 
-82.5986 
73.6908 
-27.6870 
-82.5986 
73.6908 
-27.6870 
-74.4927 
84.6495 
-28.8513 
-74.4927 
84.6495 
-28.8513 
-75.8362 
101.958 
-30.7816 
-75.8362 
101.958 
-30.7816 
-75.8362 
101.958 
-30.7816 
-114.951 
157.784 
-37.7702 
-114.951 
157.784 
-37.7702 
-114.951 
157.784 
-37.7702 
-113.452 
87.5351 
-29.1654 
-113.452 
87.5351 
-29.1654 
-113.452 
87.5351 
-29.1654 
-24.4516 
57.0261 
-26.0019 
-24.4516 
57.0261 
-26.0019 
-24.4516 
57.0261 
-26.0019 
-24.4516 
144.102 
-35.9494 
-24.4516 
144.102 
-35.9494 
-24.4516 
144.102 
-35.9494 
-29.2637 
133.082 
-34.5337 
-29.2637 
133.082 
-34.5337 
-29.2637 
133.082 
-34.5337 
-45.8327 
126.169 
-33.6692 
-45.8327 
126.169 
-33.6692 
-45.8327 
126.169 
-33.6692 
-56.3926 
132.466 
-34.4560 
-56.3926 
132.466 
-34.4560 
-56.3926 
132.466 
-34.4560 
-31.3722 
54.9655 
-25.8007 
-31.3722 
54.9655 
-25.8007 
-31.3722 
54.9655 
-25.8007 
-38.6678 
43.0611 
-24.6691 
-38.6678 
43.0611 
-24.6691 
-38.6678 
43.0611 
-24.6691 
-71.8058 
93.3054 
-29.8027 
-71.8058 
93.3054 
-29.8027 
-71.8058 
93.3054 
-29.8027 
-70.9102 
81.7635 
-28.5403 
-70.9102 
81.7635 
-28.5403 
-70.9102 
81.7635 
-28.5403 
-78.9709 
70.7938 
-27.3866 
-78.9709 
70.7938 
-27.3866 
-78.9709 
70.7938 
-27.3866 
-87.9271 
69.0614 
-27.2084 
-87.9271 
69.0614 
-27.2084 
-87.9271 
69.0614 
-27.2084 
-39.1156 
34.3890 
-23.8779 
-39.1156 
34.3890 
-23.8779 
-39.1156 
34.3890 
-23.8779 
72.1075 
6.17227 
-21.4960 
72.1075 
6.17227 
-21.4960 
72.1075 
6.17227 
-21.4960 
51.0629 
6.29414 
-21.5056 
51.0629 
6.29414 
-21.5056 
39.9839 
-1.38522 
-20.9081 
39.9839 
-1.38522 
-20.9081 
36.7482 
-17.0915 
-19.7534 
36.7482 
-17.0915 
-19.7534 
43.4041 
-30.8859 
-18.8144 
43.4041 
-30.8859 
-18.8144 
43.4041 
-30.8859 
-18.8144 
71.3778 
-49.5121 
-17.6577 
71.3778 
-49.5121 
-17.6577 
71.3778 
-49.5121 
-17.6577 
-1.05162 
7.20111 
-21.5776 
-1.05162 
7.20111 
-21.5776 
-1.05162 
7.20111 
-21.5776 
-0.361954 
-1.50793 
-20.8986 
-0.361954 
-1.50793 
-20.8986 
-0.361954 
-1.50793 
-20.8986 
37.4602 
-26.9587 
-19.0747 
37.4602 
-26.9587 
-19.0747 
37.4602 
-26.9587 
-19.0747 
32.9821 
-17.1129 
-19.7519 
32.9821 
-17.1129 
-19.7519 
32.9821 
-17.1129 
-19.7519 
37.0124 
0.834743 
-21.0786 
37.0124 
0.834743 
-21.0786 
37.0124 
0.834743 
-21.0786 
43.2818 
6.04369 
-21.4859 
43.2818 
6.04369 
-21.4859 
43.2818 
6.04369 
-21.4859 
-2.39503 
-21.1667 
-19.4688 
-2.39503 
-21.1667 
-19.4688 
-2.39503 
-21.1667 
-19.4688 
-4.62071 
-26.2887 
-19.1197 
-4.62071 
-26.2887 
-19.1197 
-4.62071 
-26.2887 
-19.1197 
25.3693 
-111.022 
-14.7433 
25.3693 
-111.022 
-14.7433 
25.3693 
-111.022 
-14.7433 
25.3693 
-100.579 
-15.1403 
25.3693 
-100.579 
-15.1403 
25.3693 
-100.579 
-15.1403 
32.0865 
-91.2989 
-15.5266 
32.0865 
-91.2989 
-15.5266 
32.0865 
-91.2989 
-15.5266 
39.6992 
-91.8789 
-15.5015 
39.6992 
-91.8789 
-15.5015 
39.6992 
-91.8789 
-15.5015 
-8.43401 
-111.918 
-14.7112 
-8.43401 
-111.918 
-14.7112 
-15.2677 
-131.061 
-14.0936 
-15.2677 
-131.061 
-14.0936 
-15.4645 
-147.816 
-13.6634 
-15.4645 
-147.816 
-13.6634 
-15.4645 
-147.816 
-13.6634 
30.5108 
-147.816 
-13.6634 
30.5108 
-147.816 
-13.6634 
30.5108 
-147.816 
-13.6634 
21.5159 
-117.512 
-14.5169 
21.5159 
-117.512 
-14.5169 
7.47719 
-106.113 
-14.9249 
7.47719 
-106.113 
-14.9249 
42.3418 
-97.3559 
-15.2708 
42.3418 
-97.3559 
-15.2708 
42.3418 
-97.3559 
-15.2708 
33.8777 
-95.3590 
-15.3537 
33.8777 
-95.3590 
-15.3537 
28.0561 
-104.640 
-14.9811 
28.0561 
-104.640 
-14.9811 
28.5039 
-117.984 
-14.5009 
28.5039 
-117.984 
-14.5009 
28.5039 
-117.984 
-14.5009 
40.7275 
-146.870 
-13.6849 
40.7275 
-146.870 
-13.6849 
40.7275 
-146.870 
-13.6849 
64.8099 
-146.870 
-13.6849 
64.8099 
-146.870 
-13.6849 
64.8099 
-146.870 
-13.6849 
66.9992 
-141.195 
-13.8211 
66.9992 
-141.195 
-13.8211 
55.8790 
-48.5159 
-17.7164 
55.8790 
-48.5159 
-17.7164 
55.8790 
-48.5159 
-17.7164 
42.8793 
-47.8263 
-17.7571 
42.8793 
-47.8263 
-17.7571 
34.7733 
-58.8285 
-17.1270 
34.7733 
-58.8285 
-17.1270 
36.1168 
-76.2210 
-16.2215 
36.1168 
-76.2210 
-16.2215 
36.1168 
-76.2210 
-16.2215 
67.7290 
-126.064 
-14.2419 
67.7290 
-126.064 
-14.2419 
67.7290 
-126.064 
-14.2419 
70.6480 
-60.8466 
-17.0162 
70.6480 
-60.8466 
-17.0162 
70.6480 
-60.8466 
-17.0162 
-15.2677 
-31.1090 
-18.7999 
-15.2677 
-31.1090 
-18.7999 
-15.2677 
-31.1090 
-18.7999 
-15.2677 
-118.645 
-14.4789 
-15.2677 
-118.645 
-14.4789 
-15.2677 
-118.645 
-14.4789 
-10.4556 
-107.541 
-14.8712 
-10.4556 
-107.541 
-14.8712 
-10.4556 
-107.541 
-14.8712 
6.11339 
-100.579 
-15.1403 
6.11339 
-100.579 
-15.1403 
6.11339 
-100.579 
-15.1403 
16.6732 
-106.920 
-14.8945 
16.6732 
-106.920 
-14.8945 
16.6732 
-106.920 
-14.8945 
-8.34721 
-29.0431 
-18.9359 
-8.34721 
-29.0431 
-18.9359 
-8.34721 
-29.0431 
-18.9359 
-1.05156 
-17.1129 
-19.7519 
-1.05156 
-17.1129 
-19.7519 
-1.05156 
-17.1129 
-19.7519 
32.0865 
-67.5240 
-16.6604 
32.0865 
-67.5240 
-16.6604 
32.0865 
-67.5240 
-16.6604 
31.1908 
-55.9303 
-17.2886 
31.1908 
-55.9303 
-17.2886 
31.1908 
-55.9303 
-17.2886 
39.2514 
-44.9189 
-17.9311 
39.2514 
-44.9189 
-17.9311 
39.2514 
-44.9189 
-17.9311 
48.2077 
-43.1805 
-18.0366 
48.2077 
-43.1805 
-18.0366 
48.2077 
-43.1805 
-18.0366 
-0.603836 
-8.42744 
-20.3791 
-0.603836 
-8.42744 
-20.3791 
-0.603836 
-8.42744 
-20.3791 
-111.794 
6.17227 
-21.4960 
-111.794 
6.17227 
-21.4960 
-111.794 
6.17227 
-21.4960 
-111.064 
-49.5121 
-17.6577 
-111.064 
-49.5121 
-17.6577 
-111.064 
-49.5121 
-17.6577 
-83.0902 
-30.8859 
-18.8144 
-83.0902 
-30.8859 
-18.8144 
-83.0902 
-30.8859 
-18.8144 
-76.4344 
-17.0915 
-19.7534 
-76.4344 
-17.0915 
-19.7534 
-79.6700 
-1.38522 
-20.9081 
-79.6700 
-1.38522 
-20.9081 
-90.7491 
6.29414 
-21.5056 
-90.7491 
6.29414 
-21.5056 
-38.6346 
7.20111 
-21.5776 
-38.6346 
7.20111 
-21.5776 
-38.6346 
7.20111 
-21.5776 
-82.9679 
6.04369 
-21.4859 
-82.9679 
6.04369 
-21.4859 
-82.9679 
6.04369 
-21.4859 
-76.6986 
0.834743 
-21.0786 
-76.6986 
0.834743 
-21.0786 
-76.6986 
0.834743 
-21.0786 
-72.6683 
-17.1129 
-19.7519 
-72.6683 
-17.1129 
-19.7519 
-72.6683 
-17.1129 
-19.7519 
-77.1464 
-26.9587 
-19.0747 
-77.1464 
-26.9587 
-19.0747 
-77.1464 
-26.9587 
-19.0747 
-39.3243 
-1.50793 
-20.8986 
-39.3243 
-1.50793 
-20.8986 
-39.3243 
-1.50793 
-20.8986 
-37.2912 
-21.1667 
-19.4688 
-37.2912 
-21.1667 
-19.4688 
-37.2912 
-21.1667 
-19.4688 
-79.3854 
-91.8789 
-15.5015 
-79.3854 
-91.8789 
-15.5015 
-79.3854 
-91.8789 
-15.5015 
-71.7726 
-91.2989 
-15.5266 
-71.7726 
-91.2989 
-15.5266 
-71.7726 
-91.2989 
-15.5266 
-65.0555 
-100.579 
-15.1403 
-65.0555 
-100.579 
-15.1403 
-65.0555 
-100.579 
-15.1403 
-65.0555 
-111.022 
-14.7433 
-65.0555 
-111.022 
-14.7433 
-65.0555 
-111.022 
-14.7433 
-35.0654 
-26.2887 
-19.1197 
-35.0654 
-26.2887 
-19.1197 
-35.0654 
-26.2887 
-19.1197 
-31.2521 
-111.918 
-14.7112 
-31.2521 
-111.918 
-14.7112 
-47.1633 
-106.113 
-14.9249 
-47.1633 
-106.113 
-14.9249 
-61.2021 
-117.512 
-14.5169 
-61.2021 
-117.512 
-14.5169 
-70.1970 
-147.816 
-13.6634 
-70.1970 
-147.816 
-13.6634 
-70.1970 
-147.816 
-13.6634 
-24.2217 
-147.816 
-13.6634 
-24.2217 
-147.816 
-13.6634 
-24.2217 
-147.816 
-13.6634 
-24.4185 
-131.061 
-14.0936 
-24.4185 
-131.061 
-14.0936 
-82.0279 
-97.3559 
-15.2708 
-82.0279 
-97.3559 
-15.2708 
-106.685 
-141.195 
-13.8211 
-106.685 
-141.195 
-13.8211 
-106.685 
-141.195 
-13.8211 
-104.496 
-146.870 
-13.6849 
-104.496 
-146.870 
-13.6849 
-104.496 
-146.870 
-13.6849 
-80.4137 
-146.870 
-13.6849 
-80.4137 
-146.870 
-13.6849 
-80.4137 
-146.870 
-13.6849 
-68.1902 
-117.984 
-14.5009 
-68.1902 
-117.984 
-14.5009 
-68.1902 
-117.984 
-14.5009 
-67.7424 
-104.640 
-14.9811 
-67.7424 
-104.640 
-14.9811 
-73.5639 
-95.3590 
-15.3537 
-73.5639 
-95.3590 
-15.3537 
-95.5651 
-48.5159 
-17.7164 
-95.5651 
-48.5159 
-17.7164 
-95.5651 
-48.5159 
-17.7164 
-110.334 
-60.8466 
-17.0162 
-110.334 
-60.8466 
-17.0162 
-110.334 
-60.8466 
-17.0162 
-107.415 
-126.064 
-14.2419 
-107.415 
-126.064 
-14.2419 
-107.415 
-126.064 
-14.2419 
-75.8030 
-76.2210 
-16.2215 
-75.8030 
-76.2210 
-16.2215 
-75.8030 
-76.2210 
-16.2215 
-74.4595 
-58.8285 
-17.1270 
-74.4595 
-58.8285 
-17.1270 
-82.5655 
-47.8263 
-17.7571 
-82.5655 
-47.8263 
-17.7571 
-24.4185 
-31.1090 
-18.7999 
-24.4185 
-31.1090 
-18.7999 
-24.4185 
-31.1090 
-18.7999 
-31.3390 
-29.0431 
-18.9359 
-31.3390 
-29.0431 
-18.9359 
-31.3390 
-29.0431 
-18.9359 
-56.3595 
-106.920 
-14.8945 
-56.3595 
-106.920 
-14.8945 
-56.3595 
-106.920 
-14.8945 
-45.7996 
-100.579 
-15.1403 
-45.7996 
-100.579 
-15.1403 
-45.7996 
-100.579 
-15.1403 
-29.2306 
-107.541 
-14.8712 
-29.2306 
-107.541 
-14.8712 
-29.2306 
-107.541 
-14.8712 
-24.4185 
-118.645 
-14.4789 
-24.4185 
-118.645 
-14.4789 
-24.4185 
-118.645 
-14.4789 
-38.6346 
-17.1129 
-19.7519 
-38.6346 
-17.1129 
-19.7519 
-38.6346 
-17.1129 
-19.7519 
-39.0824 
-8.42744 
-20.3791 
-39.0824 
-8.42744 
-20.3791 
-39.0824 
-8.42744 
-20.3791 
-87.8939 
-43.1805 
-18.0366 
-87.8939 
-43.1805 
-18.0366 
-87.8939 
-43.1805 
-18.0366 
-78.9376 
-44.9189 
-17.9311 
-78.9376 
-44.9189 
-17.9311 
-78.9376 
-44.9189 
-17.9311 
-70.8770 
-55.9303 
-17.2886 
-70.8770 
-55.9303 
-17.2886 
-70.8770 
-55.9303 
-17.2886 
-71.7726 
-67.5240 
-16.6604 
-71.7726 
-67.5240 
-16.6604 
-71.7726 
-67.5240 
-16.6604 
105.160 
-100.457 
228.335 
105.160 
-100.457 
228.335 
105.546 
-93.7765 
233.930 
105.546 
-93.7765 
233.930 
105.577 
-85.0532 
234.376 
105.577 
-85.0532 
234.376 
105.234 
-77.9473 
229.417 
105.234 
-77.9473 
229.417 
104.674 
-75.2767 
221.112 
104.674 
-75.2767 
221.112 
104.674 
-75.2767 
221.112 
98.1573 
-83.3783 
155.178 
98.1573 
-83.3783 
155.178 
95.6340 
-91.1980 
88.9418 
95.6340 
-91.1980 
88.9418 
95.6340 
-91.1980 
88.9418 
95.0823 
-93.8898 
67.5043 
95.0823 
-93.8898 
67.5043 
94.6735 
-91.1980 
46.8425 
94.6735 
-91.1980 
46.8425 
94.3960 
-82.4906 
27.1954 
94.3960 
-82.4906 
27.1954 
94.2293 
-72.4307 
7.85401 
94.2293 
-72.4307 
7.85401 
94.1796 
-69.3622 
-3.82639 
94.1796 
-69.3622 
-3.82639 
94.1675 
-70.2481 
-13.0910 
94.1675 
-70.2481 
-13.0910 
94.1675 
-70.2481 
-13.0910 
94.1675 
-80.2504 
-12.4213 
94.1675 
-80.2504 
-12.4213 
94.1675 
-88.0701 
-12.4213 
94.1675 
-88.0701 
-12.4213 
94.1675 
-88.0701 
-12.4213 
94.1817 
-88.0701 
-3.06343 
94.1817 
-88.0701 
-3.06343 
94.2204 
-88.0701 
6.29440 
94.2204 
-88.0701 
6.29440 
94.2204 
-88.0701 
6.29440 
94.3785 
-98.2319 
25.6127 
94.3785 
-98.2319 
25.6127 
94.6474 
-106.837 
45.2831 
94.6474 
-106.837 
45.2831 
95.0658 
-109.939 
66.7700 
95.0658 
-109.939 
66.7700 
95.6340 
-106.837 
88.9418 
95.6340 
-106.837 
88.9418 
95.6340 
-106.837 
88.9418 
97.9768 
-95.9873 
151.333 
97.9768 
-95.9873 
151.333 
104.164 
-85.0748 
213.260 
104.164 
-85.0748 
213.260 
104.164 
-85.0748 
213.260 
104.635 
-95.5345 
220.514 
104.635 
-95.5345 
220.514 
80.1461 
-100.457 
230.042 
80.1461 
-100.457 
230.042 
80.1461 
-100.457 
230.042 
80.5350 
-93.7765 
235.676 
80.5350 
-93.7765 
235.676 
80.5663 
-85.0532 
236.125 
80.5663 
-85.0532 
236.125 
80.2207 
-77.9473 
231.130 
80.2207 
-77.9473 
231.130 
79.6574 
-75.2767 
222.767 
79.6574 
-75.2767 
222.767 
79.6574 
-75.2767 
222.767 
80.3225 
-83.3783 
156.024 
80.3225 
-83.3783 
156.024 
77.7865 
-91.1980 
89.4550 
77.7865 
-91.1980 
89.4550 
77.7865 
-91.1980 
89.4550 
77.2321 
-93.8898 
67.9096 
77.2321 
-93.8898 
67.9096 
76.8212 
-91.1980 
47.1439 
76.8212 
-91.1980 
47.1439 
76.5423 
-82.4906 
27.3980 
76.5423 
-82.4906 
27.3980 
76.3747 
-72.4307 
7.95934 
76.3747 
-72.4307 
7.95934 
76.3248 
-69.3622 
-3.77980 
76.3248 
-69.3622 
-3.77980 
76.3126 
-70.2481 
-13.0910 
76.3126 
-70.2481 
-13.0910 
76.3126 
-70.2481 
-13.0910 
76.3126 
-80.2504 
-12.4179 
76.3126 
-80.2504 
-12.4179 
76.3126 
-88.0701 
-12.4179 
76.3126 
-88.0701 
-12.4179 
76.3126 
-88.0701 
-12.4179 
76.3269 
-88.0701 
-3.01300 
76.3269 
-88.0701 
-3.01300 
76.3658 
-88.0701 
6.39189 
76.3658 
-88.0701 
6.39189 
76.3658 
-88.0701 
6.39189 
76.5247 
-98.2319 
25.8074 
76.5247 
-98.2319 
25.8074 
76.7950 
-106.837 
45.5766 
76.7950 
-106.837 
45.5766 
77.2155 
-109.939 
67.1716 
77.2155 
-109.939 
67.1716 
77.7865 
-106.837 
89.4550 
77.7865 
-106.837 
89.4550 
77.7865 
-106.837 
89.4550 
80.1411 
-95.9873 
152.160 
80.1411 
-95.9873 
152.160 
79.1430 
-85.0748 
214.859 
79.1430 
-85.0748 
214.859 
79.1430 
-85.0748 
214.859 
79.6176 
-95.5345 
222.165 
79.6176 
-95.5345 
222.165 
-145.357 
-100.457 
228.335 
-145.357 
-100.457 
228.335 
-145.744 
-93.7765 
233.930 
-145.744 
-93.7765 
233.930 
-145.775 
-85.0532 
234.376 
-145.775 
-85.0532 
234.376 
-145.431 
-77.9473 
229.417 
-145.431 
-77.9473 
229.417 
-144.872 
-75.2767 
221.112 
-144.872 
-75.2767 
221.112 
-144.872 
-75.2767 
221.112 
-138.355 
-83.3783 
155.178 
-138.355 
-83.3783 
155.178 
-135.832 
-91.1980 
88.9418 
-135.832 
-91.1980 
88.9418 
-135.832 
-91.1980 
88.9418 
-135.280 
-93.8898 
67.5043 
-135.280 
-93.8898 
67.5043 
-134.871 
-91.1980 
46.8425 
-134.871 
-91.1980 
46.8425 
-134.594 
-82.4906 
27.1954 
-134.594 
-82.4906 
27.1954 
-134.427 
-72.4307 
7.85401 
-134.427 
-72.4307 
7.85401 
-134.377 
-69.3622 
-3.82639 
-134.377 
-69.3622 
-3.82639 
-134.365 
-70.2481 
-13.0910 
-134.365 
-70.2481 
-13.0910 
-134.365 
-70.2481 
-13.0910 
-134.365 
-80.2504 
-12.4213 
-134.365 
-80.2504 
-12.4213 
-134.365 
-88.0701 
-12.4213 
-134.365 
-88.0701 
-12.4213 
-134.365 
-88.0701 
-12.4213 
-134.379 
-88.0701 
-3.06343 
-134.379 
-88.0701 
-3.06343 
-134.418 
-88.0701 
6.29440 
-134.418 
-88.0701 
6.29440 
-134.418 
-88.0701 
6.29440 
-134.576 
-98.2319 
25.6127 
-134.576 
-98.2319 
25.6127 
-134.845 
-106.837 
45.2831 
-134.845 
-106.837 
45.2831 
-135.264 
-109.939 
66.7700 
-135.264 
-109.939 
66.7700 
-135.832 
-106.837 
88.9418 
-135.832 
-106.837 
88.9418 
-135.832 
-106.837 
88.9418 
-138.175 
-95.9873 
151.333 
-138.175 
-95.9873 
151.333 
-144.361 
-85.0748 
213.260 
-144.361 
-85.0748 
213.260 
-144.361 
-85.0748 
213.260 
-144.833 
-95.5345 
220.514 
-144.833 
-95.5345 
220.514 
-120.344 
-100.457 
230.042 
-120.344 
-100.457 
230.042 
-120.344 
-100.457 
230.042 
-120.733 
-93.7765 
235.676 
-120.733 
-93.7765 
235.676 
-120.764 
-85.0532 
236.125 
-120.764 
-85.0532 
236.125 
-120.418 
-77.9473 
231.130 
-120.418 
-77.9473 
231.130 
-119.855 
-75.2767 
222.767 
-119.855 
-75.2767 
222.767 
-119.855 
-75.2767 
222.767 
-120.520 
-83.3783 
156.024 
-120.520 
-83.3783 
156.024 
-117.984 
-91.1980 
89.4550 
-117.984 
-91.1980 
89.4550 
-117.984 
-91.1980 
89.4550 
-117.430 
-93.8898 
67.9096 
-117.430 
-93.8898 
67.9096 
-117.019 
-91.1980 
47.1439 
-117.019 
-91.1980 
47.1439 
-116.740 
-82.4906 
27.3980 
-116.740 
-82.4906 
27.3980 
-116.572 
-72.4307 
7.95934 
-116.572 
-72.4307 
7.95934 
-116.522 
-69.3622 
-3.77980 
-116.522 
-69.3622 
-3.77980 
-116.510 
-70.2481 
-13.0910 
-116.510 
-70.2481 
-13.0910 
-116.510 
-70.2481 
-13.0910 
-116.510 
-80.2504 
-12.4179 
-116.510 
-80.2504 
-12.4179 
-116.510 
-88.0701 
-12.4179 
-116.510 
-88.0701 
-12.4179 
-116.510 
-88.0701 
-12.4179 
-116.525 
-88.0701 
-3.01300 
-116.525 
-88.0701 
-3.01300 
-116.564 
-88.0701 
6.39189 
-116.564 
-88.0701 
6.39189 
-116.564 
-88.0701 
6.39189 
-116.722 
-98.2319 
25.8074 
-116.722 
-98.2319 
25.8074 
-116.993 
-106.837 
45.5766 
-116.993 
-106.837 
45.5766 
-117.413 
-109.939 
67.1716 
-117.413 
-109.939 
67.1716 
-117.984 
-106.837 
89.4550 
-117.984 
-106.837 
89.4550 
-117.984 
-106.837 
89.4550 
-120.339 
-95.9873 
152.160 
-120.339 
-95.9873 
152.160 
-119.341 
-85.0748 
214.859 
-119.341 
-85.0748 
214.859 
-119.341 
-85.0748 
214.859 
-119.815 
-95.5345 
222.165 
-119.815 
-95.5345 
222.165 
-121.243 
-206.779 
-12.9525 
-121.243 
-206.779 
-12.9525 
-121.243 
-206.779 
-12.9525 
-103.491 
-206.779 
-12.9525 
-103.491 
-206.779 
-12.9525 
-103.491 
-206.779 
-12.9525 
-103.491 
-206.779 
1.82261 
-103.491 
-206.779 
1.82261 
-103.491 
-206.779 
1.82261 
-121.243 
-206.779 
1.82261 
-121.243 
-206.779 
1.82261 
-121.243 
-206.779 
1.82261 
-121.243 
-236.603 
-13.0317 
-121.243 
-236.603 
-13.0317 
-103.491 
-236.603 
-13.0317 
-103.491 
-236.603 
-13.0317 
-103.491 
-236.890 
1.30038 
-103.491 
-236.890 
1.30038 
-121.243 
-236.890 
1.30038 
-121.243 
-236.890 
1.30038 
-121.243 
-266.423 
-13.7097 
-121.243 
-266.423 
-13.7097 
-103.491 
-266.423 
-13.7097 
-103.491 
-266.423 
-13.7097 
-103.491 
-266.980 
0.174004 
-103.491 
-266.980 
0.174004 
-121.243 
-266.980 
0.174004 
-121.243 
-266.980 
0.174004 
-121.243 
-296.228 
-14.9861 
-121.243 
-296.228 
-14.9861 
-103.491 
-296.228 
-14.9861 
-103.491 
-296.228 
-14.9861 
-103.491 
-297.037 
-1.55572 
-103.491 
-297.037 
-1.55572 
-121.243 
-297.037 
-1.55572 
-121.243 
-297.037 
-1.55572 
-121.243 
-326.005 
-16.8608 
-121.243 
-326.005 
-16.8608 
-103.491 
-326.005 
-16.8608 
-103.491 
-326.005 
-16.8608 
-103.491 
-327.049 
-3.88809 
-103.491 
-327.049 
-3.88809 
-121.243 
-327.049 
-3.88809 
-121.243 
-327.049 
-3.88809 
-121.243 
-355.743 
-19.3332 
-121.243 
-355.743 
-19.3332 
-121.243 
-355.743 
-19.3332 
-103.491 
-355.743 
-19.3332 
-103.491 
-355.743 
-19.3332 
-103.491 
-355.743 
-19.3332 
-103.491 
-355.755 
-6.82195 
-103.491 
-355.755 
-6.82195 
-103.491 
-355.755 
-6.82195 
-121.243 
-355.755 
-6.82195 
-121.243 
-355.755 
-6.82195 
-121.243 
-355.755 
-6.82195 
-140.920 
-355.945 
213.767 
-140.920 
-355.945 
213.767 
-140.920 
-355.945 
213.767 
-139.475 
-355.945 
197.064 
-139.475 
-355.945 
197.064 
-139.475 
-355.945 
197.064 
-139.475 
-84.8693 
197.064 
-139.475 
-84.8693 
197.064 
-139.475 
-84.8693 
197.064 
-140.920 
-84.8693 
213.767 
-140.920 
-84.8693 
213.767 
-140.920 
-84.8693 
213.767 
-124.217 
-355.945 
213.767 
-124.217 
-355.945 
213.767 
-124.217 
-355.945 
213.767 
-124.183 
-355.945 
197.064 
-124.183 
-355.945 
197.064 
-124.183 
-355.945 
197.064 
-124.183 
-84.8693 
197.064 
-124.183 
-84.8693 
197.064 
-124.183 
-84.8693 
197.064 
-124.217 
-84.8693 
213.767 
-124.217 
-84.8693 
213.767 
-124.217 
-84.8693 
213.767 
63.5580 
-206.779 
-12.9525 
63.5580 
-206.779 
-12.9525 
63.5580 
-206.779 
-12.9525 
81.3103 
-206.779 
-12.9525 
81.3103 
-206.779 
-12.9525 
81.3103 
-206.779 
-12.9525 
81.3103 
-206.779 
1.82261 
81.3103 
-206.779 
1.82261 
81.3103 
-206.779 
1.82261 
63.5580 
-206.779 
1.82261 
63.5580 
-206.779 
1.82261 
63.5580 
-206.779 
1.82261 
63.5580 
-236.603 
-13.0317 
63.5580 
-236.603 
-13.0317 
81.3103 
-236.603 
-13.0317 
81.3103 
-236.603 
-13.0317 
81.3103 
-236.890 
1.30038 
81.3103 
-236.890 
1.30038 
63.5580 
-236.890 
1.30038 
63.5580 
-236.890 
1.30038 
63.5580 
-266.423 
-13.7097 
63.5580 
-266.423 
-13.7097 
81.3103 
-266.423 
-13.7097 
81.3103 
-266.423 
-13.7097 
81.3103 
-266.980 
0.174004 
81.3103 
-266.980 
0.174004 
63.5580 
-266.980 
0.174004 
63.5580 
-266.980 
0.174004 
63.5580 
-296.228 
-14.9861 
63.5580 
-296.228 
-14.9861 
81.3103 
-296.228 
-14.9861 
81.3103 
-296.228 
-14.9861 
81.3103 
-297.037 
-1.55572 
81.3103 
-297.037 
-1.55572 
63.5580 
-297.037 
-1.55572 
63.5580 
-297.037 
-1.55572 
63.5580 
-326.005 
-16.8608 
63.5580 
-326.005 
-16.8608 
81.3103 
-326.005 
-16.8608 
81.3103 
-326.005 
-16.8608 
81.3103 
-327.049 
-3.88809 
81.3103 
-327.049 
-3.88809 
63.5580 
-327.049 
-3.88809 
63.5580 
-327.049 
-3.88809 
63.5580 
-355.743 
-19.3332 
63.5580 
-355.743 
-19.3332 
63.5580 
-355.743 
-19.3332 
81.3103 
-355.743 
-19.3332 
81.3103 
-355.743 
-19.3332 
81.3103 
-355.743 
-19.3332 
81.3103 
-355.755 
-6.82195 
81.3103 
-355.755 
-6.82195 
81.3103 
-355.755 
-6.82195 
63.5580 
-355.755 
-6.82195 
63.5580 
-355.755 
-6.82195 
63.5580 
-355.755 
-6.82195 
100.945 
-355.945 
213.767 
100.945 
-355.945 
213.767 
100.945 
-355.945 
213.767 
99.5009 
-355.945 
197.064 
99.5009 
-355.945 
197.064 
99.5009 
-355.945 
197.064 
99.5009 
-84.8693 
197.064 
99.5009 
-84.8693 
197.064 
99.5009 
-84.8693 
197.064 
100.945 
-84.8693 
213.767 
100.945 
-84.8693 
213.767 
100.945 
-84.8693 
213.767 
84.2429 
-355.945 
213.767 
84.2429 
-355.945 
213.767 
84.2429 
-355.945 
213.767 
84.2083 
-355.945 
197.064 
84.2083 
-355.945 
197.064 
84.2083 
-355.945 
197.064 
84.2083 
-84.8693 
197.064 
84.2083 
-84.8693 
197.064 
84.2083 
-84.8693 
197.064 
84.2429 
-84.8693 
213.767 
84.2429 
-84.8693 
213.767 
84.2429 
-84.8693 
213.767 
-139.714 
-207.237 
203.692 
-139.714 
-207.237 
203.692 
-139.714 
-207.237 
203.692 
99.7695 
-207.237 
203.692 
99.7695 
-207.237 
203.692 
99.7695 
-207.237 
203.692 
81.2893 
-207.237 
-2.37540 
81.2893 
-207.237 
-2.37540 
81.2893 
-207.237 
-2.37540 
-121.234 
-207.237 
-2.37540 
-121.234 
-207.237 
-2.37540 
-121.234 
-207.237 
-2.37540 
-139.714 
-182.640 
203.692 
-139.714 
-182.640 
203.692 
-139.714 
-182.640 
203.692 
99.7695 
-182.640 
203.692 
99.7695 
-182.640 
203.692 
99.7695 
-182.640 
203.692 
81.2893 
-182.640 
-2.37540 
81.2893 
-182.640 
-2.37540 
81.2893 
-182.640 
-2.37540 
-121.234 
-182.640 
-2.37540 
-121.234 
-182.640 
-2.37540 
-121.234 
-182.640 
-2.37540 
-136.893 
-184.204 
200.639 
-58.9393 
-184.204 
200.639 
19.0140 
-184.204 
200.639 
96.9673 
-184.204 
200.639 
91.3040 
-184.204 
134.013 
85.6407 
-184.204 
67.3858 
79.9775 
-184.204 
0.759071 
13.3507 
-184.204 
0.759071 
-53.2760 
-184.204 
0.759071 
-119.903 
-184.204 
0.759071 
-125.566 
-184.204 
67.3858 
-131.229 
-184.204 
134.013 
-136.344 
-176.177 
200.202 
-58.7566 
-176.177 
200.202 
18.8313 
-176.177 
200.202 
96.4192 
-176.177 
200.202 
90.8053 
-176.177 
133.867 
85.1915 
-176.177 
67.5314 
79.5776 
-176.177 
1.19593 
13.2175 
-176.177 
1.19593 
-53.1427 
-176.177 
1.19593 
-119.503 
-176.177 
1.19593 
-125.117 
-176.177 
67.5314 
-130.731 
-176.177 
133.867 
-129.458 
-168.151 
194.692 
-56.4612 
-168.151 
194.692 
16.5360 
-168.151 
194.692 
89.5332 
-168.151 
194.692 
84.5239 
-168.151 
132.030 
79.5146 
-168.151 
69.3683 
74.5054 
-168.151 
6.70666 
11.5267 
-168.151 
6.70666 
-51.4520 
-168.151 
6.70666 
-114.431 
-168.151 
6.70666 
-119.440 
-168.151 
69.3683 
-124.449 
-168.151 
132.030 
-93.7485 
-160.125 
165.421 
-44.5579 
-160.125 
165.421 
4.63262 
-160.125 
165.421 
53.8232 
-160.125 
165.421 
51.4481 
-160.125 
122.273 
49.0729 
-160.125 
79.1253 
46.6978 
-160.125 
35.9774 
2.25749 
-160.125 
35.9774 
-42.1828 
-160.125 
35.9774 
-86.6230 
-160.125 
35.9774 
-88.9982 
-160.125 
79.1253 
-91.3733 
-160.125 
122.273 
-44.7877 
-154.873 
123.183 
-28.2376 
-154.873 
123.183 
-11.6876 
-154.873 
123.183 
4.86241 
-154.873 
123.183 
4.57578 
-154.873 
108.194 
4.28914 
-154.873 
93.2045 
4.00250 
-154.873 
78.2152 
-11.9743 
-154.873 
78.2152 
-27.9510 
-154.873 
78.2152 
-43.9278 
-154.873 
78.2152 
-44.2144 
-154.873 
93.2045 
-44.5010 
-154.873 
108.194 
